,n.name,n.code,score
31,Dallas Fort Worth International Airport,KDFW,1218069.5677645695
48,Chicago O'Hare International Airport,KORD,1078861.1439377326
75,Centennial Airport,KAPA,1048329.4042626771
65,Charlotte Douglas International Airport,KCLT,1031167.3893442841
81,Indianapolis International Airport,KIND,984459.8682724213
62,Dallas Love Field,KDAL,880033.646325674
102,Addison Airport,KADS,849411.1802385567
320,DeKalb Peachtree Airport,KPDK,833578.1727141555
15,Ted Stevens Anchorage International Airport,PANC,756100.0853214724
83,Chicago Midway International Airport,KMDW,698313.4445452191
32,Louisville Muhammad Ali International Airport,KSDF,659956.2066202672
44,Hartsfield Jackson Atlanta International Airport,KATL,656740.004681565
110,Raleigh Durham International Airport,KRDU,616528.619051933
88,Baltimore/Washington International Thurgood Marshall Airport,KBWI,616165.4420437709
200,Charles B. Wheeler Downtown Airport,KMKC,588429.0870351312
195,Chicago Executive Airport,KPWK,578272.1519073672
85,Austin Bergstrom International Airport,KAUS,568689.1319944795
230,Spirit of St Louis Airport,KSUS,554307.259837882
54,McCarran International Airport,KLAS,552271.0098216805
92,Phoenix Sky Harbor International Airport,KPHX,550379.0681255804
59,Philadelphia International Airport,KPHL,542473.6973466546
91,Westchester County Airport,KHPN,495962.67044734745
99,John Wayne Airport-Orange County Airport,KSNA,493866.6042317629
94,Nashville International Airport,KBNA,492212.7339821006
41,Seattle Tacoma International Airport,KSEA,464727.78442436387
95,Teterboro Airport,KTEB,461735.0937534944
111,Washington Dulles International Airport,KIAD,458466.95792229526
158,Boeing Field King County International Airport,KBFI,458106.77870801726
573,Cincinnati Municipal Airport Lunken Field,KLUK,456128.6610188995
395,Oakland County International Airport,KPTK,439090.09493388457
137,Flying Cloud Airport,KFCM,438345.4143164858
241,Fort Worth Meacham International Airport,KFTW,425574.2597826938
128,Minneapolis–Saint Paul International Airport / Wold–Chamberlain Field,KMSP,407297.81688356824
276,Northwest Florida Beaches International Airport,KECP,396657.53901266167
84,William P Hobby Airport,KHOU,385365.7052437428
370,Dupage Airport,KDPA,371403.685049705
74,Scottsdale Airport,KSDL,354652.94245299953
63,Metropolitan Oakland International Airport,KOAK,346086.4412143287
80,John Glenn Columbus International Airport,KCMH,342774.29032820655
71,Portland International Airport,KPDX,342250.86022059247
151,Eppley Airfield,KOMA,330435.3651526779
24,Van Nuys Airport,KVNY,326466.9749899007
90,St Louis Lambert International Airport,KSTL,322533.0116928901
169,Dane County Regional Truax Field,KMSN,321741.3119440883
187,Sarasota Bradenton International Airport,KSRQ,321536.1458899293
97,Richard Lloyd Jones Jr Airport,KRVS,316526.84057249496
284,Frederick Douglass Greater Rochester International Airport,KROC,314596.77608006145
68,Boise Air Terminal/Gowen Field,KBOI,309550.8508371595
163,Rocky Mountain Metropolitan Airport,KBJC,308112.56534402224
56,Fort Lauderdale Hollywood International Airport,KFLL,305084.2625941485
38,Laurence G Hanscom Field,KBED,280394.36195284943
51,Logan International Airport,KBOS,278864.52504591283
121,Orlando Executive Airport,KORL,267803.5227710067
209,San Antonio International Airport,KSAT,267452.07565538015
112,Tulsa International Airport,KTUL,252996.9506268025
1237,Naples Municipal Airport,KAPF,252107.618544421
17,Miami International Airport,KMIA,249339.87589276335
197,The Ohio State University Airport - Don Scott Field,KOSU,244620.23186474034
45,Los Angeles International Airport,KLAX,240231.39965579234
104,Detroit Metropolitan Wayne County Airport,KDTW,239249.13779114187
239,Fort Worth Alliance Airport,KAFW,236323.32692457398
120,Norman Y. Mineta San Jose International Airport,KSJC,233682.677085717
173,City of Colorado Springs Municipal Airport,KCOS,233585.80231617866
343,Buffalo Niagara International Airport,KBUF,225031.7926010009
131,Lehigh Valley International Airport,KABE,218178.20640572242
283,McKinney National Airport,KTKI,217725.7750707676
69,Portland Hillsboro Airport,KHIO,214263.84190027154
70,Albuquerque International Sunport,KABQ,208586.01972485773
125,Denver International Airport,KDEN,204317.35208071664
334,Coeur D'Alene - Pappy Boyington Field,KCOE,201374.31464044398
236,General Mitchell International Airport,KMKE,200182.96037889135
148,Miami-Opa Locka Executive Airport,KOPF,196405.13890174733
113,St Petersburg Clearwater International Airport,KPIE,193941.69153340545
30,Snohomish County (Paine Field) Airport,KPAE,193503.42678444536
261,Cobb County International Airport-McCollum Field,KRYY,191414.85958101903
915,Eagle Creek Airpark,KEYE,188027.61994244007
360,Destin Executive Airport,KDTS,181288.41095620158
258,St Louis Downtown Airport,KCPS,179693.30322181954
229,Bowman Field,KLOU,171586.98995630557
274,Johnson County Executive Airport,KOJC,170588.23297295536
117,Morristown Municipal Airport,KMMU,170063.27896890428
161,Chicago Rockford International Airport,KRFD,169987.2030505575
478,Dayton-Wright Brothers Airport,KMGY,169062.35742819653
654,Page Field,KFMY,166893.43596142525
77,Republic Airport,KFRG,165948.18562284147
37,Martin State Airport,KMTN,159930.75525944575
27,Lincoln Airport,KLNK,159284.17350798068
219,Denton Municipal Airport,KDTO,158619.06155444004
867,Abraham Lincoln Capital Airport,KSPI,156786.05581566284
50,San Francisco International Airport,KSFO,150140.36168976504
404,Norfolk International Airport,KORF,147992.85097124212
549,Indianapolis Executive Airport,KTYQ,146855.08513057954
61,Cincinnati Northern Kentucky International Airport,KCVG,145621.1505217548
109,Clark Regional Airport,KJVY,144620.19892704635
16,Northeast Philadelphia Airport,KPNE,143496.46483084187
492,Middleton Municipal Morey Field,KC29,143008.44473795945
780,Kissimmee Gateway Airport,KISM,142358.47636461916
177,McClellan-Palomar Airport,KCRQ,141899.29538367936
174,Southern Wisconsin Regional Airport,KJVL,138048.15858962288
106,Fort Lauderdale Executive Airport,KFXE,137762.51309994693
564,Willow Run Airport,KYIP,134212.45759905945
162,Gwinnett County Briscoe Field,KLZU,132987.28687331208
871,Waukesha County Airport,KUES,132117.86262541157
116,Ronald Reagan Washington National Airport,KDCA,129485.54868665853
185,Syracuse Hancock International Airport,KSYR,129435.45514744156
698,St Paul Downtown Holman Field,KSTP,126334.40596216876
42,Gainesville Regional Airport,KGNV,125519.86464923606
216,New Castle Airport,KILG,123003.93703569434
73,Reno Tahoe International Airport,KRNO,122548.77211928253
212,Austin Straubel International Airport,KGRB,118040.11375891704
134,Fresno Yosemite International Airport,KFAT,115998.58696127732
199,Lewis University Airport,KLOT,115276.76739913321
846,Sacramento Mather Airport,KMHR,113644.1015089754
742,Manassas Regional Airport/Harry P. Davis Field,KHEF,109947.14823815017
240,Arlington Municipal Airport,KGKY,109301.05160605557
488,University of Illinois Willard Airport,KCMI,109195.43835760946
896,Aurora State Airport,KUAO,108615.86108211913
640,Fulton County Airport Brown Field,KFTY,107552.33238238345
107,Newark Liberty International Airport,KEWR,107414.0862942581
49,San Diego International Airport,KSAN,106322.38790107505
105,Phoenix Deer Valley Airport,KDVT,105685.15323769243
439,San Luis County Regional Airport,KSBP,105186.86563101698
55,Sacramento International Airport,KSMF,103738.71670871586
322,Purdue University Airport,KLAF,102970.0477685513
250,Martha's Vineyard Airport,KMVY,102827.55680679351
40,McClellan Airfield,KMCC,100937.01651837093
145,Leesburg Executive Airport,KJYO,98868.31841874302
34,Ontario International Airport,KONT,98595.52625082011
39,John F Kennedy International Airport,KJFK,97088.02583842709
389,Lancaster Airport,KLNS,96662.55484587661
298,Charlotte County Airport,KPGD,95902.00528635462
937,Austin Executive Airport,KEDC,95823.31089760213
386,Capital City Airport,KCXY,95477.75907393763
318,Kenosha Regional Airport,KENW,95235.06511651789
414,Dallas Executive Airport,KRBD,95024.1437699425
266,Napa County Airport,KAPC,94416.29890288116
156,Henderson Executive Airport,KHND,94010.29787666659
167,Merrill Field,PAMR,91614.24878751475
390,Whiting Field Naval Air Station - North,KNSE,91129.5060271638
327,Boerne Stage Field,K5C1,90891.3883018721
4858,McGhee Tyson Airport,KTYS,90607.94270742846
180,Barnstable Municipal Boardman Polando Field,KHYA,90551.25424113547
290,Phoenix–Mesa Gateway Airport,KIWA,90038.10366889158
267,Reading Regional Airport (Carl A Spaatz Field),KRDG,90012.28476148195
1173,Columbus Municipal Airport,KBAK,89820.762843514
208,Essex County Airport,KCDW,89666.42083154897
595,Livermore Municipal Airport,KLVK,88560.58832430099
252,Mobile Regional Airport,KMOB,87832.1053091414
1141,Trenton Mercer Airport,KTTN,87424.95254916162
468,St. Mary's County Regional Airport,K2W6,86033.21168797181
129,Francis S Gabreski Airport,KFOK,85260.65717605012
223,Santa Fe Municipal Airport,KSAF,84852.72808394108
245,Daytona Beach International Airport,KDAB,83137.15746273867
295,Springfield Branson National Airport,KSGF,82606.78209635618
339,Cuyahoga County Airport,KCGF,82523.93841840784
1055,Felts Field,KSFF,82516.41898384267
359,Appleton International Airport,KATW,81604.2810732408
411,Lee's Summit Municipal Airport,KLXT,81175.2768775577
153,Santa Barbara Municipal Airport,KSBA,80858.6985461844
927,Easterwood Field,KCLL,79621.22394724848
254,Waukegan National Airport,KUGN,79387.33354417088
869,Pueblo Memorial Airport,KPUB,78991.41282329278
138,Bob Hope Airport,KBUR,78443.14176306578
1353,San Marcos Regional Airport,KHYI,77965.3651751886
941,Piedmont Triad International Airport,KGSO,77713.94532480351
242,New Century Aircenter Airport,KIXD,77095.1707172579
221,Millard Airport,KMLE,76657.47836993629
1197,James M Cox Dayton International Airport,KDAY,76438.9265120414
203,Pensacola International Airport,KPNS,74751.12272732987
717,Harrisburg International Airport,KMDT,73338.32570048103
1339,St Louis Regional Airport,KALN,73134.34984094348
300,Burlington Alamance Regional Airport,KBUY,72791.94361600415
286,Bellingham International Airport,KBLI,72509.30459737686
233,Wings Field,KLOM,72404.6984238491
388,McAllen Miller International Airport,KMFE,71927.2784473673
155,Yakima Air Terminal McAllister Field,KYKM,71145.5374300373
170,Montgomery-Gibbs Executive Airport,KMYF,70870.71201234526
1286,Indianapolis Metropolitan Airport,KUMP,70805.28432522774
527,Joint Base Andrews,KADW,70697.39227011723
338,North Las Vegas Metropolitan International Airport,KVGT,69908.0844828715
955,Venice Municipal Airport,KVNC,69752.61299043692
415,Ann Arbor Municipal Airport,KARB,68330.19205654704
103,Jack Northrop Field Hawthorne Municipal Airport,KHHR,67813.99066274114
78,Falcon Field,KFFZ,67752.83848810758
691,Indy South Greenwood Airport,KHFY,67631.54398315062
1439,Sanford-Lee County Regional Airport,KTTA,67530.2398957712
178,Hayward Executive Airport,KHWD,67111.59236657474
204,Southwest Florida International Airport,KRSW,66953.20655918012
427,Bend Municipal Airport,KBDN,66766.85648091804
483,Carroll County Regional Jack B Poage Field,KDMW,66583.10452923834
189,Gary Chicago International Airport,KGYY,66556.41263065458
237,Sacramento Executive Airport,KSAC,66048.48436040348
1063,Allentown Queen City Municipal Airport,KXLL,65699.0765771236
285,Albert Whitted Airport,KSPG,64879.55010860569
911,Cleveland Municipal Airport,KRNV,64867.717587295345
282,Clermont County Airport,KI69,63857.03398207095
490,Montgomery County Airpark,KGAI,63742.97726026633
89,Rickenbacker International Airport,KLCK,63330.0855353779
400,Monmouth Executive Airport,KBLM,62882.135405606256
633,Phoenix Goodyear Airport,KGYR,60740.87884645097
1913,Hermon Farm Airport,SN59,60675.35382812755
567,Prescott International Airport - Ernest A. Love Field,KPRC,59927.55035122338
275,Carter Airport,FL57,59890.93348374166
902,Lawrence J Timmerman Airport,KMWC,59885.23741947039
942,Canal Fulton Airport,7OH2,59545.443959833225
93,Tucson International Airport / Morris Air National Guard Base,KTUS,58356.204854218595
522,Buchanan Field,KCCR,57224.005712361904
891,Aurora Municipal Airport,KARR,57181.041385656325
72,Wittman Regional Airport,KOSH,57104.476455146985
1236,Quad City International Airport,KMLI,55667.16471944083
198,Hagerstown Regional Richard A Henson Field,KHGR,54941.38258024839
166,Gillespie Field,KSEE,54888.716472268534
1151,Warren County Airport/John Lane Field,KI68,54679.29217699489
758,Orlando Sanford International Airport,KSFB,54596.464785598386
302,Ocala International Airport - Jim Taylor Field,KOCF,53294.878361027884
133,Orlando International Airport,KMCO,52776.90670777047
188,Long Beach Airport (Daugherty Field),KLGB,52488.0466037361
2272,Hampton Roads Executive Airport,KPVG,52360.13835346157
253,Charles M. Schulz Sonoma County Airport,KSTS,51797.34654691682
1074,Yates Airport,XS89,51538.21159127832
3083,Oakleaf Airport,9SD8,51117.670204894464
147,East-West Paris Airport,14MI,50654.33922677325
364,Tuckernuck Airport,MA72,50367.03867189649
268,Long Island Mac Arthur Airport,KISP,50191.31188657666
416,Portland Troutdale Airport,KTTD,49915.63172527734
1600,Colorado Air and Space Port,KFTG,49777.29006165454
1437,Niagara Falls International Airport,KIAG,48997.07654991174
2988,Central Illinois Regional Airport at Bloomington-Normal,KBMI,48711.84337589672
406,Mesquite Metro Airport,KHQZ,48654.55407741595
201,Clearwater Air Park,KCLW,47595.798584055556
459,Statesville Regional Airport,KSVH,47221.6806218603
226,Grand Prairie Municipal Airport,KGPM,46674.27174945579
659,Vance Brand Airport,KLMO,46276.68110538743
1388,Monroe County Airport,KBMG,46272.00033475194
225,Pearson Field,KVUO,45663.38031004798
1149,Peachtree City Falcon Field,KFFC,45522.956724990494
306,Council Bluffs Municipal Airport,KCBF,45223.03086205351
305,Renton Municipal Airport,KRNT,45175.44797085103
2450,Lincolnton Lincoln County Regional Airport,KIPJ,45117.898365244095
1095,Crystal Airport,KMIC,44105.62244082188
175,Kansas City International Airport,KMCI,44071.054006340826
1338,Moore County Airport,KSOP,43672.21729330226
1581,Beverly Regional Airport,KBVY,43595.294217585564
278,Chino Airport,KCNO,43549.59491140822
775,South Valley International Airport,KU42,43282.528723149815
738,Chesapeake Regional Airport,KCPK,43269.619882243634
1701,Lakeway Airpark,K3R9,43240.72934325843
263,Lake in the Hills Airport,K3CK,42165.30116488745
1350,Gainesville Municipal Airport,KGLE,41491.3159017876
766,Nantucket Memorial Airport,KACK,41423.77478572885
675,Rice Lake Regional Airport - Carl's Field,KRPD,40980.153403054144
1167,Rocky Mount Wilson Regional Airport,KRWI,40299.289396955726
272,Mac Dill Air Force Base,KMCF,39850.42687269955
434,Sheboygan County Memorial Airport,KSBM,39622.593149608445
123,Bob Sikes Airport,KCEW,39156.82552543626
222,Palo Alto Airport of Santa Clara County,KPAO,39110.198042070086
493,Hopewell Airpark,90NY,38789.55726557964
315,Chandler Municipal Airport,KCHD,38763.72049950069
1984,Grimes Field,KI74,38737.67519044339
826,Fayetteville Regional Airport - Grannis Field,KFAY,38239.31697959079
281,Frederick Municipal Airport,KFDK,38174.91094917845
989,Garcon Field,24FL,38113.959820545024
293,Poplar Grove Airport,KC77,37623.594713845436
336,Camarillo International Airport,KCMA,36875.00119230852
804,Moraine Air Park,KI73,36474.24266925696
647,Chester County G O Carlson Airport,KMQS,35915.67742459472
962,Southwest Michigan Regional Airport,KBEH,35505.68363668788
2476,Wipline Airport,35MN,35470.22438435686
638,Fairfield County Airport,KLHQ,35362.94243206299
997,Blair Municipal Airport,KBTA,35187.25737842827
756,Allegheny County Airport,KAGC,35073.72520786508
980,Meadow Lake Airport,K00V,35020.66421817999
1482,Randolph Air Force Base,KRND,34896.80611517951
3572,Horace Williams Airport,KIGX,34893.5978368042
1251,Shelbyville Municipal Airport,KGEZ,34762.11491025104
546,Fort Worth Spinks Airport,KFWS,34742.987327117844
420,Johnston County Airport,KJNX,34632.82026107876
182,San Carlos Airport,KSQL,34516.87189885774
363,Monroe Municipal Airport,KEFT,34426.66367791506
1020,Anoka County-Blaine (Janes Field) Airport,KANE,34273.409905192086
725,Albany International Airport,KALB,34223.49473569487
1885,Lincoln Regional Karl Harder Field,KLHM,34197.03960135394
616,Arlington Municipal Airport,KAWO,33931.18508840075
451,Creve Coeur Airport,K1H0,33535.1868996609
141,Reid-Hillview Airport of Santa Clara County,KRHV,33512.16461544739
374,Paso Robles Municipal Airport,KPRB,33209.963542080746
309,Hartford Brainard Airport,KHFD,33204.12566750104
307,Spruce Creek Airport,7FL6,33155.75266564325
108,Lackland Air Force Base,KSKF,33071.452716867185
1397,Metzler Airport,5PA3,33056.182532650215
1155,Pittsburgh International Airport,KPIT,32548.70329545735
584,Leesburg International Airport,KLEE,32243.069352152394
1574,Downtown Airport,K3DW,32240.502117793825
100,Provo-Utah Lake International Airport,KPVU,32122.06773910624
594,Mobile Downtown Airport,KBFM,32079.23846035329
207,Mahlon Sweet Field,KEUG,32017.22567591674
598,Rollins Airport,GA53,31714.297145323275
1033,Northern Colorado Regional Airport,KFNL,31460.331584709063
297,Salinas Municipal Airport,KSNS,31317.49123004694
813,Burlington Municipal Airport,KBUU,31219.258904677434
287,Gilbert Airport,49OH,30939.0191414995
1465,Dobbins Air Reserve Base,KMGE,30916.845250171667
192,Destin-Fort Walton Beach Airport,KVPS,30899.247400864726
96,Tampa International Airport,KTPA,30815.774703558054
1632,Winona–Montgomery County Airport,K5A6,30335.896927692607
547,Hicks Air Field,KT67,29912.227748706693
1159,Arnold Palmer Regional Airport,KLBE,29564.97496494649
1051,Wilmington Airpark,KILN,29554.478015016528
894,Norfolk Naval Station (Chambers Field),KNGU,29542.635066017905
1943,Hendricks County Gordon Graham Field,K2R2,29206.81498961448
2296,J Maddock Airport,IL38,29143.564231975197
384,Smyrna Airport,KMQY,28922.359306677165
136,Ellington Airport,KEFD,28711.773409494763
1285,Galt Field,K10C,28626.952427913424
653,Wadsworth Municipal Airport,K3G3,28578.385012155333
1125,Danbury Municipal Airport,KDXR,28552.835627206015
601,Newport News Williamsburg International Airport,KPHF,28478.6018359271
1826,Willie's Airport,23WN,28394.986466802733
319,North Perry Airport,KHWO,28307.687241309846
1841,Lake Norman Airpark,K14A,27879.80917681869
1552,Tri-County Regional Airport,KLNR,27845.96339409526
1271,Lorain County Regional Airport,KLPR,27732.785532410086
1259,Wing South Airpark,FA37,27594.935281499
973,Rockwall Municipal Airport,KF46,27434.25255305593
3288,Bakers Field,MI88,27160.07369176524
792,Indianapolis Regional Airport,KMQJ,27155.18801843248
115,Santa Monica Municipal Airport,KSMO,27032.391108805525
368,Palmer Field,AL72,27015.4550339113
1283,Ankeny Regional Airport,KIKV,26973.53973888034
340,Genesee County Airport,KGVQ,26876.69015970567
3953,Bull Farm Airport,VG33,26787.65896938749
1194,Lawrence Municipal Airport,KLWM,26780.361466279744
1044,Bolton Field,KTZR,26559.7890982774
750,Air Park Dallas Airport,KF69,26420.63213412079
433,New York Stewart International Airport,KSWF,26361.103162318934
296,Penn Yan Airport,KPEO,26269.581727219294
1799,Fond du Lac County Airport,KFLD,26254.213799968224
377,Ries Airport,76II,26219.003045917143
1630,Chautauqua County-Dunkirk Airport,KDKK,26111.083641548725
1245,Nashua Airport / Boire Field,KASH,25622.408634035153
1048,Oconee Memorial Hospital Heliport,SC32,25278.407220788937
435,St Charles County Smartt Airport,KSET,25020.56595819441
1274,Adirondack Regional Airport,KSLK,24951.720312543748
1039,Burke Lakefront Airport,KBKL,24918.869847256567
1502,Naval Air Station Pensacola Forrest Sherman Field,KNPA,24907.78271767254
552,New Smyrna Beach Municipal Airport,KEVB,24897.53525007615
1103,Fremont Municipal Airport,KFET,24857.77212071961
1006,Pope Field,KPOB,24799.648026068855
528,Central Wisconsin Airport,KCWA,24713.569384663067
1719,Delaware Municipal Airport,KDLZ,24661.278280965467
399,Sidney Municipal Airport,KI12,24636.250732010325
841,Coleman A. Young Municipal Airport,KDET,24631.61653830846
516,Ruckel Airport,FL17,24586.74802967423
801,Saufley Naval Outlying Landing Field,KNUN,24508.82364805754
457,USAF Academy Airfield,KAFF,24492.77921927935
1382,Ithaca Tompkins Regional Airport,KITH,24441.479661831054
259,Igor I Sikorsky Memorial Airport,KBDR,24402.781768644516
443,Northwest Regional Airport,K52F,24207.18632723759
143,Palm Springs International Airport,KPSP,24037.18026181921
337,Kinston Regional Jetport At Stallings Field,KISO,23965.093077378362
1117,Morgantown Municipal Airport Walter L. (Bill) Hart Field,KMGW,23910.657255716353
474,Davenport Municipal Airport,KDVN,23828.84671706122
2068,Pine Island Airport,7NC2,23811.394261990397
536,Oakland Troy Airport,KVLL,23721.2206642871
663,Petaluma Municipal Airport,KO69,23651.100080870732
1960,Lee Airport,KANP,23595.13453208837
685,Modesto City Co-Harry Sham Field,KMOD,23343.18476372536
705,Thiessen Field,34WI,23199.26763107948
944,Akron Executive Airport,KAKR,23199.064076878425
1257,Chautauqua County-Jamestown Airport,KJHW,23152.951090416293
1222,Cunningham Airpark,TX09,22982.85714758007
2458,Mc Cachren Field,3NC6,22791.874026520374
886,Barrow County Airport,KWDR,22713.156901333823
150,Spencer Nolf Airport,KNRQ,22660.428635749642
815,Springfield-Beckley Municipal Airport,KSGH,22617.232168786253
326,Ledgedale Airpark,K7G0,22616.243807838855
1295,Miami Executive Airport,KTMB,22600.95939750152
565,Plymouth Municipal Airport,KPYM,22553.42405481841
383,Clay's Rv Airport,51OI,22527.94981714341
206,Schaumburg Regional Airport,K06C,22502.73592739431
913,Britt Brown & Porter Ranch Airport,6FD6,22390.45350382372
441,Anderson Regional Airport,KAND,22327.63478071656
1570,Heritage Field,KPTW,22277.826862483576
1178,Lebanon Municipal Airport,KLEB,22078.77725732189
289,Harvey's Acres Airport,OR28,21944.06594673847
618,Tampa North Aero Park Airport,KX39,21895.4133371451
232,Fricke Airport,OI34,21723.31647067459
119,Midwest National Air Center Airport,KGPH,21636.421092686218
1483,Palm Beach County Glades Airport,KPHK,21459.07919520687
1441,South St Paul Municipal Richard E Fleming field,KSGS,21389.558392210638
1538,New Braunfels Municipal Airport,KBAZ,21388.759751471534
623,North Houston Airport,K9X1,21142.30465130924
1396,Auburn Municipal Airport,KAUN,21117.7619472687
790,Millville Municipal Airport,KMIV,21093.876394259227
3346,Covington Municipal Airport,K9A1,20941.32568623222
1223,Lindbergh's Landing Airport,FA35,20899.89572596152
737,Laguna Park Community Airport,TX82,20807.31289301026
3652,Danville Regional Airport,KDAN,20727.755722478243
87,Paramount Airport,JY04,20671.021374811247
761,Deck Airport,K9D4,20657.232816114898
171,Zamperini Field,KTOA,20618.870759772115
2179,Rigdon Private Airport,WI81,20584.917123454525
502,Akron Airport/Jesson Field,K9G3,20319.87495428442
1401,Joliet Regional Airport,KJOT,20258.45064453019
456,Bud Dryden Airport,TX05,19971.195187120637
1664,Cambridge Dorchester Airport,KCGE,19924.380416960954
518,Lawrence Municipal Airport,KLWC,19801.89396704426
776,Newport Municipal Airport,KONP,19699.252358372283
402,New Garden Airport,KN57,19659.08686979855
181,Mason City Municipal Airport,KMCW,19600.56409201649
964,Greenville Spartanburg International Airport,KGSP,19493.531814461574
342,Tweed New Haven Airport,KHVN,19307.553928619735
220,Thomson Airfield,6FD7,19259.546421203802
168,Fairholt Airport,VT48,19252.20645814664
101,La Guardia Airport,KLGA,19177.94478359604
873,Cedar City Regional Airport,KCDC,19166.500591168846
1190,Brookeridge Air Park,LL22,18914.528471631253
398,Brandywine Regional Airport,KOQN,18899.525791899
2975,Glawe's Airport,SD99,18784.221510929583
3867,Greeley–Weld County Airport,KGXY,18694.611858933084
146,Geraci Airpark,FL35,18672.276693950356
1128,West Georgia Regional Airport / O V Gray Field,KCTJ,18650.35435795685
213,Fort Wayne International Airport,KFWA,18634.236737007715
1887,Boulder Municipal Airport,KBDU,18546.467657619964
1330,Mid Delta Regional Airport,KGLH,18545.06614201981
1456,East Troy Municipal Airport,K57C,18507.8303079605
721,Beggs Ranch (Aledo) Airport,TX15,18340.86540067627
1229,Dubuque Regional Airport,KDBQ,18333.931193076256
1587,Belle Glade State Municipal Airport,KX10,18320.47557544615
473,Fresno Chandler Executive Airport,KFCH,18233.342299336946
747,Teate Field,4XS2,18196.924789969395
1944,Mid Valley Airport,KT65,18153.098274528344
671,Plum Valley Airport,64OR,18085.895132525937
2447,Wilderness Field,IN60,18033.382121605333
2766,Mc Gee Airport,67OR,18030.4623956675
1249,Washington Executive Hyde Field,KW32,17991.652053581263
1043,Chetek Municipal Southworth Airport,KY23,17965.540052423603
1575,Gilliam-McConnell Airfield,5NC3,17885.519078640016
2358,Huntingburg Airport,KHNB,17836.565357456537
1025,Cooks Landing Airport,MN87,17820.32363921167
194,Mystery Farm Airport,RI20,17794.834489741894
247,Aero Country Airport,KT31,17782.014117534305
1122,Dix Field,0NJ6,17716.570988338182
2073,Charlotte-Monroe Executive Airport,KEQY,17690.465047333477
714,Hangar Fly Ultralight Fly Club Ultralightport,4II2,17682.775772810593
294,San Bernardino International Airport,KSBD,17678.914916582926
1508,Kerrville Municipal Louis Schreiner Field,KERV,17587.170881330196
393,Cumberland Municipal Airport,KUBE,17563.59146607289
556,Lansing Municipal Airport,KIGQ,17508.814259119838
999,Double Eagle II Airport,KAEG,17473.50007607392
681,Cleveland Hopkins International Airport,KCLE,17452.792651706623
67,Valley View Airport,VA87,17447.94592530315
697,Flagler Executive Airport,KXFL,17439.05560535925
1783,Albertus Airport,KFEP,17392.302345155436
3278,Harnett Regional Jetport Airport,KHRJ,17215.132662944994
332,Visalia International Airport,KVIS,17194.88002217266
743,Barringer Field,NC64,17166.326402231356
312,Doylestown Airport,KDYL,17115.498723795004
407,Carlson Farm Airport,3IN3,17058.149409248796
612,Oconee County Regional Airport,KCEU,16920.56464977737
202,French Valley Airport,KF70,16891.243131445688
2002,Stinson Municipal Airport,KSSF,16857.502653906668
1196,Bird Field,2MO1,16769.014783394363
1612,Jim Sears Airport,3TA7,16742.61124020974
1780,Cartersville Airport,KVPC,16736.715457962986
620,Massey Ranch Airpark,KX50,16651.030783416172
642,Secret Spot Airport,3NK5,16587.82763481877
437,Glencoe Municipal Airport,KGYL,16506.442396344508
3043,Huff Memorial Airport,NH60,16230.361894672671
643,Lancaster Airport,KLNC,16038.273853612334
507,Allan Ranch Flight Park Ultralightport,CL36,16016.053585744487
701,Treasure Valley Executive Airport at Caldwell,KEUL,16010.846049592212
1124,Pompano Beach Airpark,KPMP,16005.068494496434
1586,Flying R Ranch Airport,77TS,15884.058480309583
3654,Wawasee Airport,4IN9,15873.892184480701
684,Runway Ranch Airport,2MO9,15865.295537205664
1686,Atlanta Speedway Airport,K4A7,15770.004769024557
982,Davis Monthan Air Force Base,KDMA,15717.283901455807
1317,Dunnellon Marion Co & Park of Commerce Airport,KX35,15716.92060590152
3034,Tyler Pounds Regional Airport,KTYR,15709.13719470758
1380,Potter Airport,44IS,15679.933594155998
454,Orlando Apopka Airport,KX04,15677.622346664139
1699,Porter County Municipal Airport,KVPZ,15602.593543328872
778,Oakley Airport,TN79,15468.605881783222
2041,Pickens County Airport,KLQK,15450.797578177671
152,South Jersey Regional Airport,KVAY,15421.680658170693
1876,Manistee County Blacker Airport,KMBL,15402.65156711135
385,Ocean County Airport,KMJX,15350.37019466441
874,Little Susitna Airport,8AK6,15268.438917251278
1817,Buffalo Lancaster Regional Airport,KBQR,15198.82663359777
1270,Pickens County Airport,KJZP,15147.191926537314
164,Stockton Metropolitan Airport,KSCK,15105.712817653495
2917,Dane Airport,WI65,15091.505107616256
1414,Hickory Regional Airport,KHKY,15087.08628340308
1589,Pottstown Municipal Airport,KN47,15043.163126023534
413,Beluga Airport,PABG,14981.366086031161
353,Woodbine Municipal Airport,KOBI,14971.227721874904
543,Hurlburt Field,KHRT,14908.527219968373
1185,Kimberling Airport,MO64,14856.734199366128
3263,Strauch Field,OR47,14850.95853368841
486,Lakehurst Maxfield Field Airport,KNEL,14846.159861599357
1293,Meylor Field,9NC9,14740.64093353221
666,King Ultralightport,02II,14606.346779985188
517,Peter Prince Field,K2R4,14541.595590417464
2355,Iowa County Airport,KMRJ,14307.888862179441
2208,Music City Executive Airport,KM33,14287.37628988441
308,Watertown Municipal Airport,KRYV,14169.076202401098
1010,Lenhardt Airpark,K7S9,14105.572334715964
1965,Nassau Bay Airport,0TX0,14100.735439258928
614,Topeka Regional Airport,KFOE,14074.10425545517
2089,Roche Harbor Airport,WA09,14066.786564057662
453,Leeward Air Ranch Airport,FD04,14045.953087672946
3956,Nampa Municipal Airport,KS67,14043.519922284864
617,College Park Airport,KCGS,13978.220856802624
3039,Coloma Municipal Airport,9WN9,13906.587007172348
550,Kozal Airfield,76MI,13895.108043957076
1563,Madison Municipal Airport,KIMS,13894.825826480303
445,Flatwood Field,10TN,13894.35815140638
2960,Wasilla Airport,PAWS,13855.346490811924
901,Manchester-Boston Regional Airport,KMHT,13809.110986462836
4321,Boone Inc Airport,NC14,13805.50901427796
1996,Pitt Greenville Airport,KPGV,13770.483936322345
1471,Zephyrhills Municipal Airport,KZPH,13759.17147573689
304,Hank Sasser Airport at Breakaway,40XS,13726.196238038594
525,Miami County Airport,KK81,13637.750114466007
786,Apalachicola Regional Airport,KAAF,13605.709615291937
545,Star Smith Field,3XS5,13565.218851690935
1332,Midway Lake Airport,79FD,13523.543476988583
3142,Piqua Airport-Hartzell Field,KI17,13511.868211795269
365,Marana Regional Airport,KAVQ,13484.862960001969
765,Defuniak Springs Airport,K54J,13434.754505887387
787,Saint Cloud Regional Airport,KSTC,13434.600025746175
716,Auburn Municipal Airport,KS50,13415.755333357885
3334,Wilkes Barre Wyoming Valley Airport,KWBW,13391.165207079488
976,Travis Air Force Base,KSUU,13371.868117707698
4245,K & D Airport,71NC,13364.852499897721
496,Ryan Field,KRYN,13298.419508847292
1697,Morris Municipal Airport James R. Washburn field,KC09,13168.834353349499
699,Central Jersey Regional Airport,K47N,13137.532530759006
58,Elmendorf Air Force Base,PAED,13113.392721238859
2622,Tidmore Airport,7PN0,13106.404235442747
122,Riverside Municipal Airport,KRAL,13088.551781723158
2613,Moltz Airport,50TA,13025.982380974487
842,Maury County Airport,KMRC,13025.798685689513
511,With Wings And A Halo Airport,0WI7,13018.004592459174
2387,Kent Fort Manor Airport,7MD8,12981.335443162641
651,Lakeland Linder International Airport,KLAL,12972.990209857535
1192,Columbia Airport,K4G8,12955.32802289723
774,Mclean Brothers Airport,59NC,12889.390030844375
345,Whiteman Airport,KWHP,12888.660561529987
1499,Madison County Executive Airport-Tom Sharp Jr Field,KMDQ,12826.866616259971
2319,Heaton Airport,NH61,12813.611071195763
280,Steck Farm Airport,NH78,12780.644077464816
692,Jewell Airport,AK72,12735.517366056143
519,Baraboo Wisconsin Dells Regional Airport,KDLL,12685.019115771021
2980,Flying H Ranch Airport,96ID,12671.559537077092
559,Colusa County Airport,KO08,12639.508481811701
4285,Vinita Municipal Airport,KH04,12626.800084935281
2880,Ellerport Airport,WN54,12622.20489837042
1976,Dodge Center Airport,KTOB,12588.618300812577
1687,Hazleton Municipal Airport,KHZL,12579.869102319351
2893,Tai's Landing Airport,WN61,12570.146276689034
629,Macon County Airport,K1A5,12508.904763352331
2547,Gastonia Municipal Airport,KAKH,12471.111535473174
658,Yolo County Davis Woodland Winters Airport,KDWA,12454.2575961508
504,Tipton Airport,KFME,12435.233651234383
1156,Sawyer County Airport,KHYR,12422.465435539369
993,Plew Airport,IN71,12421.41578539625
1143,Cherokee County Regional Airport,K47A,12402.13518863016
1868,Gimlin Airport,18MO,12398.493014655252
367,Collins-Flege Airpark,77OH,12396.611476231126
142,Flagstaff Pulliam International Airport,KFLG,12392.204216014832
4448,Meadowvale Airport,MN40,12344.097797375796
706,Mc Minnville Municipal Airport,KMMV,12315.87529413737
1961,Vince's Condominium Association Airport,FA60,12240.94536229731
369,Birchwood Airport,PABV,12225.37737273963
1874,Wolfe Field,IN65,12222.795592194369
2331,Skagit Regional Airport,KBVS,12189.689958068348
2031,Frasca Field,KC16,12157.71577426657
2414,Sharondale Field,OI46,12131.09490141482
3489,Happy Valley Airport,OL03,12106.79709236594
1904,Bridgeport Municipal Airport,KXBP,12056.137865365357
248,Wayne County Airport,KBJJ,11991.03219703831
1323,Ebeneezer Airport,4GA9,11977.360750581007
3476,Echo Lake Airport,TX40,11972.779269608625
2955,Strietelmeier Flying Field,91IN,11920.795974037912
1498,Lutz Restricted Landing Area,7IL3,11920.281834176927
788,K Ranch Airport,3TE0,11917.632777667774
1322,Thrust Industries Airport,8II3,11900.072075253058
2438,Sunriver Airport,KS21,11854.867480691446
789,Princeton Airport,K39N,11791.603705407331
2052,Sies Landing Area Airport,1LL4,11781.382157195976
227,Payson Airport,KPAN,11770.369325699792
1787,Dream Field,NE42,11766.377271733403
3149,Davis Field,4SC4,11758.354328475345
1714,Arcadia Municipal Airport,KX06,11753.11176006107
1522,Rolling Meadows Airfield,29GA,11715.592825451673
325,Kestrel Airpark,K1T7,11705.357991518646
2192,Smithville Crawford Municipal Airport,K84R,11704.10189901689
1754,Killeen-Fort Hood Regional Airport / Robert Gray Army Air Field,KGRK,11685.101775315588
265,Merced Regional Macready Field,KMCE,11662.766171373321
1220,Spring Valley Farm Airport,6GA4,11641.257967468771
1619,Zoellner Airport,10OH,11574.4894137035
2520,Miles Field,3KY9,11536.573567869176
1247,Triune Airfield,TN97,11522.402069468828
238,Brookhaven Airport,KHWV,11521.00406735413
1062,Aiken Field,85GA,11514.953876435478
1580,Madeira Airpark,TX91,11500.852827650915
3655,Mount Olive Municipal Airport,KW40,11485.241224574645
2371,Manitowoc County Airport,KMTW,11455.337302917267
4470,Huntsville International Carl T Jones Field,KHSV,11447.384842011403
2576,Turlock Municipal Airport,KO15,11432.898289552006
2938,Faribault Municipal Airport-Liz Wall Strohfus Field,KFBL,11432.645185293917
740,Samsula / Coe Field,8FA4,11432.19358688004
469,Port Angeles Cgas Airport,KNOW,11363.818373302427
1333,Crawfordsville Regional Airport,KCFJ,11363.470415882144
2357,Richmond Municipal Airport,KRID,11351.239860855934
1925,Fayette County Airport,KI23,11330.802608833015
462,Union County Airport,KMRT,11328.39913101925
432,Lago Vista Texas Rusty Allen Airport,KRYW,11277.599154359785
1127,Norwood Memorial Airport,KOWD,11276.459494333423
938,Skyhaven Airport,KRCM,11216.290609553676
1000,Benson Airport,6MN9,11150.037509451426
4251,Rocking A Farm Airport,NC86,11125.486416743672
356,Scott AFB/Midamerica Airport,KBLV,11112.836901282755
1206,Burlington International Airport,KBTV,11036.950346398062
1344,Cape May County Airport,KWWD,11020.523190648028
98,Pinal Airpark,KMZJ,11014.110475780344
824,Starshire Farm Airport,2KS9,11008.192940786388
524,Williston Municipal Airport,KX60,10962.222932633616
1028,Stafford Regional Airport,KRMN,10929.07574649771
210,Salt Lake City International Airport,KSLC,10891.827026362786
2244,Tate Airport,5PS9,10868.174626539518
4464,Columbia Airport,KO22,10866.751401623733
2877,Western Helicopter Services Airport,OR38,10850.23528471626
4156,Grays Creek Airport,K2GC,10839.789076527526
4853,Henshaw Airport,VG42,10831.779711882004
1493,Griffith-Merrillville Airport,K05C,10810.06915565273
819,Number 18 Airport,UT13,10784.51616785109
2000,Stevens Point Municipal Airport,KSTE,10761.708799209508
4068,Cub Bear Airport,85WI,10732.268660378828
491,Colle Field,34MS,10723.176292231403
3215,Comfort Airpark,17TE,10721.436556514938
2017,Love Field,97FL,10713.470864467863
257,Reinoehl Field,49II,10707.017502990793
2466,Sky-Go Farms Airport,73MU,10680.94353160761
1090,Red's Field,18OR,10668.684044318443
2219,Lawrence Smith Memorial Airport,KLRY,10653.8621384821
2039,Kennedy Airfield,9NY4,10648.916785350715
1284,Dave Rice Ultralightport,OH91,10635.210698089935
2365,Lou Abbett Farms Airport,II18,10634.520159846317
1004,Marion Municipal Airport,KMNN,10608.467957549805
4126,El Peco Ranch Airport,49CL,10594.718600869219
3382,Three Acres Airport,80XS,10583.401619951188
3877,Key Way Airport,19WA,10582.063290409089
3599,Valenty Mierek Airport,NY59,10578.433208099068
4924,Alpha Hotel Airport,07VA,10575.215773849284
2056,Mason Airport,39IL,10574.644128811813
1017,Weiss Airport,4IA8,10512.310590789424
12,Market World Airport,FL16,10500.318554238727
323,Cline Falls Air Park,3OR8,10465.876251604786
2113,Finger Lakes Regional Airport,K0G7,10407.963787493938
1705,Reno-Stead Airport,K4SD,10371.11107358091
4360,Currituck County Regional Airport,KONX,10362.384053091038
4374,Pingston Aeroworks Airport,54MI,10263.835776099782
1460,Arnold Airport,PA43,10253.106199871052
1275,Culpeper Regional Airport,KCJR,10251.193845824631
752,Jefferson City Memorial Airport,KJEF,10239.99305964592
1108,Kokomo Municipal Airport,KOKK,10225.831936156432
1050,Dover Air Force Base,KDOV,10199.342245584388
2482,Weaver Airport,MT54,10198.041241833622
694,Coulter Field,KCFD,10142.935205491267
641,Valley International Airport,KHRL,10141.19821257976
317,Ashley Field,FL47,10138.668336380422
1239,Washington Regional Airport,KMO6,10079.0523581366
4073,Shenandoah Valley Regional Airport,KSHD,10064.889636483655
1821,Mc Guire Air Force Base,KWRI,10064.676422212839
1054,Cambridge Municipal Airport,KCBG,10054.684159611012
965,A&A Flying Service Airport,XS39,10038.546017288214
1486,Fairview Airport,3MD4,10022.331771588022
381,Dodge County Airport,KUNU,10011.995760495507
1604,Countryside Airport,3PN3,10009.59057234927
992,Platteville Municipal Airport,KPVB,9995.823875787377
983,North Island Naval Air Station-Halsey Field,KNZY,9991.097528020402
3656,Turkey Bluff Airport,7WI0,9979.18580109484
2339,Miami Homestead General Aviation Airport,KX51,9971.155808548949
157,Oxnard Airport,KOXR,9957.165596653924
1153,Royal Wood Aerodrome,20MO,9945.733569651344
829,Flying S Farm Airport,3TX2,9934.48316978222
631,Marina Municipal Airport,KOAR,9902.648198071216
1160,Rybolt Ranch Airport,01FA,9877.943412891053
702,Silver Comet Field at Paulding Northwest Atlanta Airport,KPUJ,9848.740809267732
1461,Newark Heath Airport,KVTA,9815.217141356101
779,Waterbury Oxford Airport,KOXC,9807.737033548654
3400,Hollin Airport,7OR7,9793.79032316312
2353,Schuylkill County /Joe Zerbey/ Airport,KZER,9773.071776377548
1144,Massena International Airport Richards Field,KMSS,9770.753905994292
2174,Clevenger Airport,MO18,9756.249082430488
1633,Malina Airport,MO31,9755.659921667133
1148,Schenectady County Airport,KSCH,9748.684045473972
1424,New Bedford Regional Airport,KEWB,9739.480053835205
923,B-Ville Airpark,4NK1,9735.968150404482
2885,Sioux Falls Regional Airport / Joe Foss Field,KFSD,9726.49357499883
1736,Aero Lake Estates Airport,30IS,9697.257972879372
1287,Cloudbound Airport,PA47,9683.436956029624
755,Sandpoint Airport,KSZT,9664.664472367687
424,Hideaway Ultralightport,14PS,9659.807605443862
686,Karl Stefan Memorial Airport,KOFK,9656.725643812006
1778,George T Mc Cutchan Airport,8FL6,9644.604170370416
864,South Texas International at Edinburg Airport,KEBG,9634.246334178577
3466,Butler Co Regional Airport - Hogan Field,KHAO,9609.909046061755
1140,Larson Airport,5WI4,9601.514071643338
539,Butler Field,IN46,9597.626534641946
1452,Winter Haven Regional Airport - Gilbert Field,KGIF,9588.378058721428
1123,Margos Sky Ranch Airport,8OA9,9588.201601714236
1163,Mallards Landing Airport,GA04,9586.633985296294
4637,Fortman Airport,1OH4,9554.210698089943
1582,Fraser Farm Airport,43TS,9552.372668611059
3689,Sampson County Airport,KCTZ,9549.907920219028
2906,Cherry Hill Airport,8KT8,9533.691007093197
2800,Ashland Landing Farm Airport,MD21,9532.81140473673
2754,Shakamak Airport,IN08,9532.506075126486
431,Majors Airport,KGVT,9529.034573967414
2126,Bob Walberg Field,IL36,9525.480468796186
4058,Boyle R & D Airport,63WA,9514.311857421257
2979,Casey's Airport,6NK1,9512.927164688874
118,Gillespie County Airport,KT82,9507.215957698943
5439,Muir Army Air Field (Fort Indiantown Gap) Airport,KMUI,9501.509785123213
3672,Deer Flat Airport,WA52,9497.239706407365
1315,Murphey Flying Service Airport,MS22,9496.052234037228
1541,Sloop Airport,41NC,9494.215773849295
3940,Runway Leasing Inc Nr 1 Airport,8WI2,9489.457431457427
3279,Wicker Airport,42AK,9474.936751141067
807,Stan Jost Airport,74OR,9452.74564452769
324,Shafter Airport - Minter Field,KMIT,9442.391135725096
3376,Mar Bar L Farms Airport,NJ46,9437.168964178902
895,Oakdale Airport,KO27,9418.926860335083
1277,Bradshaw Tree Farm Airport,FL62,9365.120837597553
218,Des Moines International Airport,KDSM,9319.228293242175
23,Talmage Field,03NY,9301.927528182421
2479,Hayden Farm Airport,00KS,9205.518322987358
3879,Ultralight International Ultralightport,0TS2,9184.40642330871
530,Skyhaven Airport,8TX7,9176.442131507403
2497,Hammonton Municipal Airport,KN81,9173.839202949366
2840,Penderosa Airport,59AK,9169.699037057724
1126,Frankfort Municipal Airport,KFKR,9167.733972679775
1430,Charlton Strip,05FL,9143.183559433637
1756,Boulder City-Lake Mead International Airport,K61B,9134.31725336452
25,Nut Tree Airport,KVCB,9089.21670917246
2816,Bradford Field Airport,NC05,9069.83515663029
4247,Taylor Johnson Airport,NY24,9068.362638784318
4011,Viking Airport,94NC,9055.841004177568
1500,Fly-N-S Ranch Airport,GA09,9016.567708824881
625,Stoltzfus Airfield,OH22,9012.649488268946
1566,Fletcher Field,2MO0,9011.697894851326
1879,Sherman Army Air Field,KFLV,8968.921297159844
1869,Ecko Field,0PA4,8958.941636245398
3660,"Airnautique, Inc. Airport",0GA2,8909.29328962259
2503,Christensen Ranch Airport,9CL2,8904.560575488678
3701,Mort's Landing Airport,0WI1,8896.975693014556
452,John C Tune Airport,KJWN,8894.915842360419
260,York Airport,KTHV,8890.725315165218
540,Ocean Springs Airport,K5R2,8880.935047936437
1814,Freight Wagon Field,35OR,8873.152721580253
1404,Orange County Airport,KMGJ,8866.498433703637
6,Spanish Fork Municipal Airport/Woodhouse Field,KU77,8825.874628965894
1611,Middletown Regional Airport,KMWO,8825.385717487545
243,Somerset Airport,KSMQ,8759.793274493384
3731,Double S Airport,19NC,8748.93423523483
2488,Dick's Strip,3II9,8745.270308477364
2471,Crash In International Airport,0WI5,8740.354741391238
387,Newton Municipal Airport,KTNU,8732.600663251333
2254,Niklason Lake Estates Airport,3AK2,8722.19880595016
1092,Carlisle Airport,KN94,8719.382037102616
3241,Watertown Regional Airport,KATY,8710.96985479811
3923,Cherrystone Airport,24VA,8676.022945076375
1824,Jackson County Airport,K19A,8673.33860267518
3748,Spring Brook Airport,0NK1,8660.982085852085
3102,Hefner Easley Airport,KH68,8583.859055691682
1534,Greensburg Municipal Airport,KI34,8580.546129894976
760,Hidden Valley Airpark,5TX0,8563.811319662833
745,Watsonville Municipal Airport,KWVI,8550.185998739391
1137,Lima Allen County Airport,KAOH,8539.045772397556
704,Sedona Airport,KSEZ,8536.66051967045
1443,Phillips Army Air Field,KAPG,8532.39493630103
2887,Wessington Springs Airport,K4X4,8530.464711113245
3646,Lakewood Lodge Airport,14WS,8507.059896115838
1974,Cecil County Airport,K58M,8483.0457599265
2120,Sss Aerodrome,WI62,8478.606945064506
3479,Schumacher Airport,3MN9,8476.03085985732
2366,Delano Municipal Airport,KDLO,8475.47714718828
2344,Michigan City Municipal Airport,KMGC,8455.485892006871
1002,Reeder Airport,NJ64,8448.703463994605
331,Brown Field Municipal Airport,KSDM,8436.314440441185
2297,Tilghman Whipp Airport,7MD9,8422.977306144452
373,Holly Grove Municipal Airport,K2A6,8421.57042896035
1922,David Randall Airport,4WN5,8417.349737993623
2111,Tuschen Airport,89WI,8417.247937242344
1626,Kalispell City Airport,KS27,8414.429723726225
1024,Gilbert Airport,73PA,8413.999999999987
1066,Hammer Airport,00IL,8412.999999999996
5094,Inter-State Airport,MO29,8411.99999999999
2105,C Jeidy Farms Airport,WI56,8411.56318590858
3951,Wautoma Municipal Airport,KY50,8408.457431457424
1099,Sterling Air Park,40AK,8407.846362281005
849,Dauphin Island Airport,K4R9,8399.466897850343
2890,Bates Airstrip,2MT0,8375.884069016834
2104,Goldsboro-Wayne Municipal Airport,KGWW,8374.458047883278
652,White County Airport,KMCX,8371.954382518172
1825,Dave's Airport,0CO1,8369.208045721645
1199,De Witt Property Airport,34MI,8367.506927505146
803,NAS Fort Worth JRB / Carswell Field,KNFW,8343.08419893451
417,Franklin County State Airport,KFSO,8326.562006644499
418,Bremerton National Airport,KPWT,8308.770448635625
330,Green Mountain STOLport,WA67,8302.707363486283
3513,Robertson Field,NC63,8293.813785773204
3024,Krutmeier Airport,9LL0,8252.559077200673
1008,West Houston Airport,KIWS,8248.747555363943
444,Greater Kankakee Airport,KIKK,8208.907144085728
2406,Toccoa Airport - R.G. Letourneau Field,KTOC,8124.355506314538
2480,Alison Air Park,7TS2,8102.723408083115
1983,Bailey Ranch Airport,NV13,8066.035199621398
3823,Flying Armadillo Field,1XA5,8045.956492044385
579,Pioneer Airport,WS17,8014.017710763017
2467,Elton Hensley Memorial Airport,KFTT,8001.817991061635
1739,Griffiss International Airport,KRME,7991.543852915226
214,Halls Flying Ranch Airport,0GA0,7980.543588556593
592,Morrow County Airport,K4I9,7972.255897173808
882,University Airport,KEDU,7925.9576891004535
139,George Bush Intercontinental Houston Airport,KIAH,7904.2851723897475
1553,Marin County Airport - Gnoss Field,KDVO,7901.531240878495
855,Easton Airport / Newnam Field,KESN,7863.896389910423
1681,Wallace Field,GA77,7817.539765312248
1923,Bolingbrook's Clow International Airport,K1C5,7708.08015577044
1526,Ames Municipal Airport,KAMW,7699.072066453999
2750,Camp Bullis ALS Airport,9TX5,7692.933315413385
4888,Fulton County Airport,KNY0,7661.6216022983845
1565,Zollinger Strip,II21,7575.7198049616845
2360,Sky Ranch At Pioneer Peak Airport,AK50,7573.812523225046
735,Ak-Chin Regional Airport,KA39,7568.410326757196
2962,Ocean Reef Club Airport,07FA,7564.191092308841
1172,Wyckoff Airstrip,5IN4,7467.667933373773
1916,Cross-B Airport,24XA,7464.019924732557
1627,Tri-County Airport,K1J0,7409.168705846824
2860,Beaux Ranch Field,1ID3,7408.036262396458
165,John H Batten Airport,KRAC,7407.646327407448
1941,Donegal Springs Airpark,KN71,7343.011911845737
4861,Spring Lake Airport,IN43,7317.521785813163
963,North Central State Airport,KSFZ,7299.09231433793
1096,Johary Airport,FL58,7291.923026738171
1428,Lee Gilmer Memorial Airport,KGVL,7288.501554922587
1818,Duda Airstrip,FA69,7267.14066354157
2651,Skyport Airport,WI27,7266.814986299254
1776,Rosecrans Memorial Airport,KSTJ,7256.91156493781
3232,Holly Lake Ranch Airport,16TE,7248.0310202995215
1116,Coral Creek Airport,FA54,7247.558225703819
2243,Big T Airport,64GA,7183.832063529474
1598,Post Oak Ranch Airport,1FA1,7123.706205436404
715,West Bend Municipal Airport,KETB,7106.832524116502
2775,Virgil I Grissom Municipal Airport,KBFR,7106.412944954598
479,Gilmer County Airport,K49A,7097.296488089395
748,Phil's Field,4MI3,7059.796132641388
4521,Lebanon Springfield Airport,K6I2,7035.686299240738
4018,Deer Park / Radial Flyer Airport,WT21,7033.089654690633
2429,Westrick Airport,47II,7021.507565362557
1035,Flying T Farm Airport,1VA9,7011.199489496395
1413,Mount Pleasant Landing Strip,67NJ,7003.221290538645
1273,Livingston County Spencer J. Hardy Airport,KOZW,6999.070617091726
689,Sugar Land Regional Airport,KSGR,6997.684912522809
2560,Reinke Airport,75IS,6987.0368204962915
1533,Knox County Airport,K4I3,6978.935547098368
1399,Marco Island Executive Airport,KMKY,6978.720149627105
571,Grand Haven Memorial Airpark,K3GM,6945.7126972112965
578,Block Island State Airport,KBID,6931.767120348601
627,Pryor Field Regional Airport,KDCU,6924.070208092917
1496,Werner Private Airport,NJ75,6900.011923235677
2583,Gibbons Airport,12AR,6885.901164833622
1805,Andrews University Airpark,KC20,6879.936986302967
412,Jim & Julie's Airport,96WA,6861.502692083392
2543,Fall Creek Field,TN96,6851.4037658854695
2984,Lawson Airpark,WN21,6791.424461662581
918,Mid-Way Regional Airport,KJWY,6770.438071823845
475,Gore Airport,4FL9,6745.912730588815
2905,Carls Airport,78MI,6736.1448446225
277,Albrecht Airstrip,MD48,6732.17636952046
1735,Pokety Airport,3MD8,6722.711657675845
772,Castroville Municipal Airport,KCVB,6712.898879816467
713,Sky Harbor Residential Airpark,1MN8,6678.715705539472
2666,Flying-H Airport,FL99,6674.626820218394
521,Sebring Regional Airport,KSEF,6674.409340023287
3406,Lake X Airport,57FA,6669.622846761552
899,Jackrabbit Strip,2CO3,6654.252686234944
709,Circle R Ranch Airport,2TS4,6646.016472611248
498,Cross-Country Estates Airport,07TS,6602.469635120551
4305,Williamsport Airpark,SC86,6596.757538558866
1335,Barnstormers 5 Airport,16MI,6569.3177649469
179,Elizabeth City Regional Airport & Coast Guard Air Station,KECG,6477.787483496643
1503,Rooster Field,84NC,6466.177182854827
66,Columbus Municipal Airport,KOLU,6466.093006313279
823,"Pine Bluff Regional Airport, Grider Field",KPBF,6454.434631466766
2011,Auburn Academy Airport,WA84,6425.556542439829
1231,R & M Aviation Airport,4OI7,6422.764305127676
562,Cameron Park Airport,KO61,6418.578022776112
981,Peter O Knight Airport,KTPF,6412.829342480235
2240,Caintuckee Airport,8KY6,6411.180899482445
1640,Muskogee-Davis Regional Airport,KMKO,6405.2050575687545
1304,Triple Creek Airport,1IS2,6395.476253251358
1758,Baker's Place Airport,TX61,6392.845760366661
2972,Griffin Spalding County Airport,K6A2,6385.907633720572
1605,Wauchula Municipal Airport,KCHN,6385.089350549109
3614,Marty Ranch Airport,XS95,6378.175812703314
1246,Monroe Walton County Airport,KD73,6365.996128441116
506,Hernando County Airport,KBKV,6347.621659499823
1244,La Crosse Regional Airport,KLSE,6336.070621879637
1637,Frogs End Airport,42VT,6333.763315503057
509,Whidbey Island Naval Air Station (Ault Field),KNUW,6311.449767838061
566,Aero Estates Airport,7IS2,6309.4429735663525
1067,Worcester Regional Airport,KORH,6294.773471020096
753,Spokane International Airport,KGEG,6279.137024406079
1852,La Porte Municipal Airport,KT41,6277.847950129073
1325,Smith Field,KSMD,6264.460051994833
1631,Williamson Sodus Airport,KSDC,6256.15937497985
1527,Dalbom Ultralightport,83MU,6236.010709511412
2382,French Lick Municipal Airport,KFRH,6231.365646650932
1202,Farrar Airport,IA56,6226.982088496799
928,Hartford Municipal Airport,KHXF,6216.272572604991
1863,Ruder Airport,59IL,6188.61051864689
1651,Madera Municipal Airport,KMAE,6184.999986356368
2376,Louisa County Airport/Freeman Field,KLKU,6172.515639919705
2132,Pocock Airport,04TX,6164.887517528956
1455,Summit Airport,KEVY,6159.31773650951
3809,Wilgrove Air Park,K8A6,6132.353508749365
346,Eagle's Nest Estates Airport,2TS6,6125.290883250022
1539,Sheridan Airport,K5I4,6121.617489950555
953,Garnair Airport,FA55,6072.528290767376
1530,Diamond S Airport,GA89,6061.27307524458
1962,Dale O. Galer Aerodrome,2AL6,6054.6617563052905
784,Linden Airport,KLDJ,6034.263232721938
4258,Asheboro Regional Airport,KHBI,6021.898298890252
1842,Harford County Airport,K0W3,6009.7326282517915
2409,Suzie Field,8MD0,5981.13322807199
1973,Raleigh Regional Airport at Person County,KTDF,5975.794118328627
4121,Maine Prairie Airport,13CL,5972.781974341967
1602,Warrenton Fauquier Airport,KHWY,5953.900655526263
1858,Airlake Airport,KLVN,5942.95209838883
920,Lebanon Municipal Airport,KM54,5926.955745662992
193,Tangerine Airport,FL97,5922.6786915127805
2001,Lake Tahoe Airport,KTVL,5908.109514009679
589,Capitol Drive Airport,K02C,5880.5304045986695
3996,Kintail Farm Airport,GA00,5877.9725033798295
996,Naper Aero Club Airport,LL10,5874.552848025436
939,Geneva Municipal Airport,K33J,5864.85015726073
2114,Roosevelt Memorial Airport,K5A9,5861.357149363136
273,Porter Airport,FD82,5854.643763351284
1369,Deerfield Landing Airport,9GA9,5843.623563007621
477,Rostraver Airport,KFWQ,5842.659069848427
1161,Saratoga County Airport,K5B2,5834.389604446369
1896,Cooper Field,99II,5832.5831088711175
3303,H L Sonny Callahan Airport,K4R4,5827.945587758166
1507,Mason Valley Airport,3KY3,5805.635907981074
1334,Bartow Executive Airport,KBOW,5793.795070825278
1592,C David Campbell Field Corsicana Municipal Airport,KCRS,5789.6574541969885
4032,Blackwater Airstrip,NC61,5783.188127021192
1958,Alexander Farm Airport,NY82,5779.600476201885
1773,Navarro Airport,3PA1,5770.7645540115755
3641,West Michigan Regional Airport,KBIV,5769.026823260484
1546,Richards Airport,9OH4,5766.654929363489
1845,Lawton Airport,IA84,5711.7122989395875
1953,Hutto Farm Airport,GE25,5709.76149104569
4439,Thompson-Robbins Airport,KHEE,5690.822388384558
4411,Chance Airport,VA89,5690.215192214726
917,Vinton County Airport,K22I,5689.013767848433
673,Circle M Ranch Airport,6TX2,5682.839497659251
2351,Surfside Airport,MN24,5682.690013274235
2019,Vicars Private Airport,PS15,5667.2376851719455
1393,Van Zandt County Regional Airport,K76F,5660.458287707686
825,Shangri-La Airport,0WN1,5653.208406966689
2446,South Texas Regional Airport at Hondo,KHDO,5633.630209866219
3840,Curt's Place Airport,6MI3,5604.782675146779
410,Barnstormer Airport,TE99,5601.571575689021
4312,Anderson Lake Airport,0AK1,5592.148687710267
244,Flying W Airport,KN14,5587.981191343075
1264,Keystone Heights Airport,K42J,5585.024093835351
1087,Mauston New Lisbon Union Airport,K82C,5575.0009149395155
954,Kendallville Municipal Airport,KC62,5552.406043652713
860,Ideal Mfg Corp Airport,NJ69,5540.316812772634
1084,Smith Private Airport,29OR,5535.865388184132
4408,Henderson Oxford Airport,KHNZ,5534.903254204588
4743,King Knoll Airport,OI84,5509.978154575765
2986,Blue Mountain Academy (Private) Airport,PA92,5507.113368652679
2561,Cross Airport,91OI,5502.236415661372
2607,Orthodontic Strip,5IN6,5498.501962575423
2167,Eagle's Nest Airport,CA20,5483.78133979852
3779,Lexington Municipal Airport,K4K3,5445.357511276621
510,Meriden Markham Municipal Airport,KMMK,5445.256967299846
3228,Idle Wild Airport,FL63,5444.604986918661
1558,Tusquittee Landing Airport,NC08,5442.647367499041
3798,Nicolaisen Airport,2SD4,5433.247414029952
440,Goodenough Airport,83IN,5430.61264573415
2172,Buckeye Municipal Airport,KBXK,5430.271769828137
1812,Skyview Airport,51VA,5430.060082349965
1784,Eagle River Union Airport,KEGV,5428.371122181259
3637,Russell Paradise Airport,2TX1,5425.953745728854
1769,William R Fairchild International Airport,KCLM,5425.952874137847
3949,Galler's Airport,75MN,5425.825533480629
3427,Pecan Patch Airstrip,0GE4,5404.904786215381
425,Jake Arner Memorial Airport,K22N,5401.684856607531
555,Culp Airport,6TA3,5394.0085899096175
1373,Elephant Path Airport,PS03,5391.783979713777
2087,Olson Airport,LL53,5389.1328133219085
2748,Pike's Airport,22LL,5387.244578788361
1610,Waco Regional Airport,KACT,5386.96626052866
512,Glendale Municipal Airport,KGEU,5386.273765554203
1459,Jaffrey Airport Silver Ranch Airport,KAFN,5384.9769157761075
1788,Richey Airfield,69XA,5383.738030163323
1789,Hubler Field,ID00,5383.250376719963
3603,Post Oak Airfield,TA19,5380.841403086486
1685,Walker Field,MY35,5377.610464345353
523,Waupaca Municipal Airport,KPCZ,5371.800131555542
3897,State Prison Field,FL28,5367.419109272419
987,Moyer Airport,3PA9,5365.822498065873
580,West Airpark,45TX,5355.557313413022
1374,Flanders Field,4FD7,5348.495935479661
4713,Turkey Mountain Airport,MO00,5342.922022928674
2250,Swift Airport,CT31,5342.443750364523
2546,Freedom Field,IA68,5341.139955246432
4965,Hat-Field STOLport,6CO4,5337.62473153969
1217,Orlando North Airpark,FA83,5333.07465127502
3705,Clum Airport,8OI5,5324.793152758071
3499,Ashland Municipal Airport-Sumner Parker Field,KS03,5324.290906585009
4900,Hickory Hollow Airport,NY85,5322.658738187219
1528,Oceana Naval Air Station,KNTU,5320.596569537757
934,Fort Lewis Road / Pacemaker Landing Zone Airport,KZ10,5320.52594508076
2454,Stearmans Roost Airport,5OK3,5311.920116438341
2848,Malone Dufort Airport,KMAL,5307.858904644217
1975,Finney's Airpark,II77,5305.374694762261
1453,Kickapoo Downtown Airport,KCWC,5305.272578561059
1298,Pickles Airport,01VA,5305.019588480274
1037,Arnett Landing Airport,27XA,5304.175629422325
4265,T-Ranch Airport,XS86,5302.859504823543
695,Cherokee Ranch Airport,OK25,5302.561871271537
505,Blackinton Airport,2CA4,5302.237950899293
3305,Hawk Ranch Airport,1TX9,5300.720869148787
4341,Lodi Lakeland Airport,9WN5,5298.079905549065
4237,Lanham Field,04ID,5296.392224510569
5493,Eastover Air Ranch Airport,6NC3,5295.865708547965
3570,Ridgeview Ranch Airport,MO37,5295.055478109789
2752,Soltis Field,75OI,5294.519535535463
1585,Swiderski Field,MN85,5294.069693431474
4655,Weiblen Airport,TE13,5293.45574643154
4534,Williams Airport,90KY,5292.806155823796
2345,Forest Hill Airport,MD31,5292.725917564006
3025,Bucky's Airpark,WN09,5292.5
2053,Pond's Field,CD39,5292.213617368531
4522,Water Valley Municipal Airport,K33M,5292.172538342321
2555,Blackhawk Airfield,K87Y,5292.1296734401885
4693,Virginia Beach Airport,42VA,5292.099778470412
3203,Aresti Aerodrome,TE02,5291.585667679039
3383,Oberlander Airport,PA52,5291.1871524056005
3016,Woodland Airstrip,3WN7,5290.909382436007
2005,Okeelanta Airport,FL41,5290.311581548574
4484,Green's Strip,AK65,5290.30623756295
3773,Galloway Airport,0OI3,5290.235293152815
4052,Logan Field,K1A4,5290.170163660753
890,Northeast Iowa Regional Airport,KCCY,5290.0
3347,Selfs Airport,KMMS,5289.728191242937
4659,Jordan Field,NR02,5289.0
3574,Myers Airport,MI25,5289.0
3258,Progreso Airport,TS05,5289.0
397,Blue Ribbon Airport,WN29,5288.906474486192
2107,Wysocki Field,CT15,5288.705641197559
1702,U U Ranch Airport,TA80,5288.0
4634,Curtis Field,8MO3,5287.69656984661
2899,Michael Pfister Airport,86IS,5287.616844209819
2307,West Aero Ranch Airport,6MO9,5287.4824130977395
2108,Centreville Airport,VA16,5287.217877887244
4835,Flying J Airport,WS71,5287.1
3035,De De Airport,1GA6,5287.086355954172
5337,Allison Farm Airport,XA34,5287.041666666666
2703,Willow Island Airpark,58KY,5287.0
5284,Heberlig Airport,PS02,5287.0
2803,Reiss Game Farm Airport,75NY,5287.0
3555,West Burke Aerodrome,VT56,5287.0
1749,Vogen Restricted Landing Area,IS41,5287.0
4114,Skyview Airport,84NY,5287.0
494,Fremont County Airport,K1V6,5283.432838767722
3804,Hobby Field,K77S,5280.9487179593625
1663,Blairstown Airport,K1N7,5276.521500096186
1641,Dacy Airport,K0C0,5266.480793028664
574,Bob Lee Flight Strip,K1J6,5265.1744486088455
2644,Kenedy Regional Airport,K2R9,5244.483208755854
2270,Lafayette Airstrip,OR90,5236.819897770566
2024,Peters Airport,4NJ8,5230.666419868186
3852,Flomaton Airport,0AL5,5226.139954049496
892,Sunset Strip Airpark,90KS,5211.50251912159
3716,D.Evans Farm Airport,PA73,5198.406495432633
1256,Chester Airport,KSNC,5197.84085085735
438,Mountain View Airpark,4NY0,5180.435854609078
1311,Bartlesville Municipal Airport,KBVO,5154.4416059278
1593,Level Acres Farm Airport,PA84,5149.4534773719715
946,San Martin Airport,KE16,5148.485261776265
1833,Uncle Chuck's Airport,IS80,5121.22848457499
1209,Old Plains Airport,9PA2,5115.118528127962
2323,Tom B. David Field,KCZL,5089.662554776251
3947,Lewis Airstrip,7NC7,5085.754781058906
2853,Tom J Moore Farm Airport,XS18,5071.390462556157
782,Tyrone Airport,MI67,5068.927825384883
57,Monterey Peninsula Airport,KMRY,5067.96125209388
1734,Hen & Bacon Airport,90VA,5043.571059523517
922,Chinsegut Airport,5FD7,5030.199065832691
36,Glacier Park International Airport,KGPI,5026.62845812865
4548,Elk River Airport,NC06,5001.329032064085
1636,Sulphur Springs Municipal Airport,KSLR,4999.538388688581
4527,Mad River Airpark,KI54,4999.179804393711
1215,Pocono Mountains Municipal Airport,KMPO,4997.732374466895
4220,Gene Snyder Airport,KK62,4992.56458803179
1623,Mid America Industrial Airport,KH71,4991.925026896714
2626,Sullivan County International Airport,KMSV,4959.166971638739
2119,Kennel Airstrip,OR04,4945.483524651426
3837,New Liberty Field,9IN2,4943.628672738114
877,Westmoreland Airport,49NY,4940.425462733181
4007,Maquoketa Municipal Airport,KOQW,4920.032663309796
1078,Campbell Airport,KC81,4891.88823145447
736,Herbert Ranch Airport,XS03,4889.783344531029
184,Cable Airport,KCCB,4888.577395890473
1417,Delaware Airpark,K33N,4887.78865873783
722,Ottawa Executive Airport,KZ98,4870.03097450266
4103,Del Valle Airport,TA55,4854.279514215028
2004,Green Airport,TX92,4850.62359852429
609,Davidson County Airport,KEXX,4845.358636825037
3812,Jackson County Airport,K24A,4840.5951650034785
591,Merill L Harris Field,9MN6,4833.145602945221
1307,Muskeget Island Airport,MA55,4829.498173321126
1728,Lawrenceville Vincennes International Airport,KLWV,4823.2962087364285
1793,Cloverdale Municipal Airport,KO60,4820.899673343473
2341,Brown County Airport,KGEO,4819.692353948842
933,Okmulgee Regional Airport,KOKM,4800.591718030254
1743,Immokalee Regional Airport,KIMM,4793.7076929305795
1671,Florala Municipal Airport,K0J4,4787.189661287106
2293,Flying E Airport,OR25,4782.595144487626
375,Skylane Ranch Airport,17CO,4777.329961230048
759,Monroe County Aeroplex Airport,KMVC,4775.127552396803
4763,Parknavy Airport,0OH9,4756.855354790461
884,Newnan Coweta County Airport,KCCO,4746.6644130151035
1675,Allenholm Airport,VT26,4737.709550292129
2003,North Raleigh Airport,00NC,4724.3440368944875
2976,Elroy Municipal Airport,K60C,4721.851181550502
3264,Ksa Orchards Airport,OK11,4715.927759566301
3265,Slaughter Ranch Airport,86TA,4714.0678697652065
396,Ramona Airport,KRNM,4711.200285232373
3148,Lochridge Ranch Airport,TX25,4684.137697174698
1509,Brookline - Meadowmere Airport,9GA6,4681.730162266441
1924,Jack Edwards National Airport,KJKA,4680.091885980551
4366,Oolenoy Valley Airport,SC75,4679.628533874435
1905,Isaacson Airport,8AN6,4675.257523612157
1576,Lykes Brighton Airport,8FD5,4668.717378289636
3028,Strawberry Fields Airport,89NJ,4667.250945503101
3221,Vineyard Airport,OR95,4663.698573858508
2931,Taylor's Air Park,25TE,4657.998268641895
1764,Oakland Southwest Airport,KY47,4656.705087638842
2993,Hepp Airport,9LL2,4655.551110022468
1343,Orlampa Inc Airport / Fantasy of Flight,FA08,4636.487282881707
1026,Hannibal Regional Airport,KHAE,4627.549675836518
2136,Alta Sierra Airport,09CL,4624.765869313408
464,Big Island Airport,NK07,4617.782888939493
2567,Spanish Peaks Airfield,K4V1,4599.566893527064
563,Jugtown Mountain Airport,2NJ1,4588.795492344569
4890,Nelund Field,9II2,4584.744341532387
795,Trade Wind Airport,MA44,4562.745127253066
2889,Beaverbrook Aerodrome,10GA,4562.618921098166
1434,Lowell Smith Jr Airport,3TX6,4548.627134295207
2862,Brook Bridge Aerodrome,8GA9,4543.294264354676
2630,Randolph County Airport,KI22,4542.781710876179
4361,Ewing Airport,MD28,4532.176682538057
2734,Watertown International Airport,KART,4529.002163566618
853,La Cholla Airpark,57AZ,4523.003147832821
1768,Pennridge Airport,KCKZ,4522.1125861403025
2421,Adams County Legion Field,K63C,4518.2543248122
3775,Peacock STOLport,4NC7,4516.764963925175
2212,Williams Field,38AR,4510.005042351555
2599,Mefford Field,KTLR,4506.870579967285
2182,Harlan Municipal Airport,KHNR,4504.334807989691
43,Telluride Regional Airport,KTEX,4501.7205106674
2177,Heller Airport,22IL,4495.794189257384
419,Wausau Downtown Airport,KAUW,4484.316347771044
1837,Perry Aero Park,69MI,4480.647320907778
2915,Three Rivers Municipal Dr Haines Airport,KHAI,4480.158352297235
1337,"Wellsville Municipal Arpt,Tarantine Field",KELZ,4475.472737461373
3467,Faken Airport,9WI4,4470.381027851264
1928,Wag-Aero Airport,WI92,4465.013596301975
1494,Doc Jones Field,TN73,4452.359267810451
3531,Kyles Airport,WA04,4436.045620068932
405,Jasper County Airport,KRZL,4428.485194283658
4119,Maryland Airport,K2W5,4424.186987194281
2983,Bruce's Airport,07OR,4422.1403416217445
1341,Hochstetler Airport,OH90,4421.572152008213
3153,Boatner Field,OK90,4418.276570385298
4197,Tamarack Airport,9WI5,4414.979248037851
2202,Lockhart Municipal Airport,K50R,4414.550023526603
3193,Cornell Airport,6II4,4413.951681225937
1352,Gardner Municipal Airport,KGDM,4409.389888218876
1795,Porterville Municipal Airport,KPTV,4398.623209043988
1294,Glasscock Field,4TS8,4398.478641262788
190,Bagwell Airport,NC99,4397.217625692375
1903,Reeds Airport,24OI,4387.7120620457445
2669,Port-O-John Airport,2OH8,4386.6921828915965
4801,Breezecroft Airport,05MD,4385.38501488342
615,Ross County Airport,KRZT,4373.634668109962
3372,Mower Field,MT84,4359.473215741625
3206,Smisson Field,7GA9,4359.433564281989
1227,Strayhorn Ranch Airport,47FD,4357.770387971047
2868,Weide (Aberdeen Proving Ground) Army Heliport,KEDG,4355.852225533275
3757,Long Island Airpark,NC26,4353.8542110359895
2311,Vlachos Acres Airport,1MI8,4353.38754258996
2959,Sycamore Strip,K9F9,4351.87327351323
557,Austin Air Ranch Airport,K88R,4351.770774733873
2162,Mountain Ridge Airport,25SC,4345.607672292787
2273,Deer Run Air Field,7NK1,4340.1938857192345
731,Neversweat Airport,1OK0,4337.004460753467
1890,Marion Municipal Airport,KMZZ,4336.579883435631
1693,Mason Jewett Field,KTEW,4335.38855216771
2020,Moffett Federal Airfield,KNUQ,4334.714362699349
4908,J-22 Ranch Airport,16FL,4331.035272843758
5269,Machipongo International Airport,3VG2,4330.58503461765
622,Gerald R. Ford International Airport,KGRR,4328.241858734988
2457,Skye Dance Airport,1XS2,4325.9845310836645
3118,Reedville Airport,90AR,4323.981531413648
4753,Alpha Hotel Airport,WS81,4322.258828106458
817,Moose Run Airstrip,AK55,4321.437850604875
2558,Tecma Heliport,TS53,4318.942278463964
2044,Woodlake Airport,KO42,4318.601776407311
2490,Cherokee Airpark,MU19,4312.2590705503535
4241,Montgomery's Flying M Ranch Airport,FD49,4308.329669517956
2157,Norm's Field,31MA,4308.300514906431
1073,Flying G Ranch Airport,3OK8,4303.71249987144
2071,TXAeroSport Aerodrome,XA65,4299.464439911168
3204,Davison Army Air Field,KDAA,4294.419041441469
2886,Bowling Green Municipal Airport,KH19,4291.722057830645
2099,Robbins Airport,MU20,4291.686006624889
2347,Krill Personal Use Airport,PA86,4290.926822379316
646,Seven Gables Airport,2VG7,4289.449281971261
3013,Kenai River Airpark,1AK4,4288.850972689928
3353,Central Colorado Regional Airport,KAEJ,4286.557501644388
4133,Treasure Gulch Airport,22ID,4281.55994864675
3473,Moronis Airport,92CL,4280.286520289072
818,Cedar Creek Airport,MO74,4278.592799753044
5123,Mackall Army Air Field,KHFF,4278.57857549518
2706,Gordon Airport,09IN,4278.320269325449
1230,Double D Skyranch Airport,5PA2,4277.274752366327
1931,Lake Placid Airport,KLKP,4275.683320824089
4090,E T Field,NC71,4274.945515283178
2603,Camden County Airport,K19N,4273.976421739894
1166,Richardson Field,26AL,4264.2747065173935
1412,Feldmann Field,4WI6,4262.49591368499
2496,Lewis Airport,FL78,4259.584197704714
840,Friday Harbor Airport,KFHR,4257.270473708045
1340,Ohio University Snyder Field,KUNI,4256.893620074566
3091,Galaxy Ranch Airport,72TS,4256.816982789636
2519,Kings Port Airport,FD72,4252.603360448942
1930,Quakertown Airport,KUKT,4249.8272378158135
1511,Wurtsboro-Sullivan County Airport,KN82,4248.9888795880115
1688,Lake Wohlford Resort Airport,8CL1,4248.567286660242
1732,Paradise Airport,NY42,4246.559497898522
2867,Deer Pasture Airport,69TE,4245.062105810458
4805,Atlantic Municipal Airport,KAIO,4245.049765876181
1506,Red Shed Field,2IS6,4243.884963621936
1347,Striplin Airfield,AL62,4242.281959421139
810,Bar V K Airport,TX32,4241.692967639353
2633,Wasco Kern County Airport,KL19,4240.240325022422
2529,Warner Springs Gliderport Airport,CL35,4239.817402539465
893,Coyle Field,NJ20,4239.085992919868
3703,Greene County Regional Airport,K3J7,4238.319250271149
1485,Ben Sutherland Airport,WI33,4237.321945146413
2579,Foothills Regional Airport,KMRN,4236.4425653131475
4095,Cridler Airport,5MI3,4235.932959881717
4066,Bowie Municipal Airport,K0F2,4235.2575876086175
4575,Cain's Field,WS72,4234.376314762273
4099,Fifer Field,3II2,4233.875709924331
3870,Lakeside Airpark,AZ05,4233.338279672374
4187,Kapowsin Field,86WA,4232.958256535554
3090,Dupouy Airport,3IN2,4232.762590683552
1308,Thomaston Upson County Airport,KOPN,4232.147426785685
667,Beatrice Municipal Airport,KBIE,4232.049070666603
3115,Sunnyside Municipal Airport,K1S5,4231.742281570433
5080,Secrest Ranch Airport,OK49,4231.518643029568
4025,Stonewall Airpark,41TN,4231.474575989334
2233,Alberta Ultralightport,8KY0,4229.660292827458
1881,Pleasant Home Gliding Club Gliderport,14OI,4228.844831334984
4064,Hidden Lakes Airport,ID44,4225.524189786349
2312,Stol Field,8TS5,4225.505128025694
3858,La Center View-Air Airport,WA29,4224.697144849148
1040,Cushing Municipal Airport,KCUH,4224.464860607225
4042,R C Ford Field,6OH3,4223.531433223237
3371,Carter Flight Park Ultralightport,NY67,4223.319923654826
1007,Moorhead Airpark LLC,PN40,4223.015765137832
1692,Wickenburg Municipal Airport,KE25,4222.952278335606
2805,Ranch Side Airport,WS26,4222.483473916423
2076,Darby Airport,OH93,4222.225000027298
4037,Hoffman's Farm Airport,1VA5,4219.000578036932
3212,Portland Mulino Airport,K4S9,4218.604068029997
2937,Agro-West Airport,5CA7,4218.483400065505
1180,Bugs Airport,PA68,4218.3287669558495
4059,Layne Field,5II1,4218.153474264273
3554,Greenlawn Farm Airport,38NY,4217.9730036987075
4975,Rular Airport,VG07,4216.962388450256
956,Rob Airport,95TS,4216.187863739616
1147,Scott Field,2IN4,4215.482839352613
1597,Pierce Airport,TE10,4215.037248164252
4638,Phillip R Bunn Airport,51NC,4214.865708547964
2882,Aero Four Airport,IL58,4214.843192879111
2948,Byrt Airport,5XS9,4213.138255268872
2757,Big Lake Airport,PAGQ,4212.445254070236
3583,Cashen Airport,38CA,4212.3536630805
2548,Broadt Personal Use Airport,5PA1,4211.806155823782
430,New Holstein Municipal Airport,K8D1,4210.604661166721
991,Reb Folbre's Place Airport,TE34,4210.5905265468655
3693,South Hector Airstrip,6NA2,4210.563261257588
4026,Rhodes Ranch Airport,TX62,4210.415886084576
2149,Erie County Airport,K3G1,4210.187152405602
2419,Barron Aviation Airport,MO11,4209.782466119592
2265,Clover Knoll Airport,II07,4209.589453496161
2321,Byrd Air Field,5FL4,4209.395026668453
2237,Willow Airport,PAUO,4209.351388888905
2691,Charlottesville Albemarle Airport,KCHO,4209.288633819412
4719,Walker Airport,OR57,4209.245007779857
1938,Hilltop Ranch Airport,9TA1,4209.03085824955
408,Majerle Strip STOLport,WA17,4208.997185154181
1997,Farm Services Inc Airport,XS64,4208.955322310724
1703,Moore Field,7TE7,4208.9372762675775
5148,Robertson Farm Airport,TN94,4208.728191242915
426,Rover Airport,PA31,4208.463685037058
1801,Sky Acres Airport,1XA1,4208.43187067164
1418,Sweedler Airport,3IL2,4208.066475947299
3317,Louis Bennett Field,WV23,4208.000000000033
2964,Underland Airstrip,6MN8,4208.00000000001
1501,Tommy's Flying Service Inc Airport,AR22,4208.000000000004
4795,Bell Airport,MD12,4208.000000000004
1278,Ruleville Drew Airport,KM37,4208.000000000002
5333,Storytown Airfield,WS33,4208.000000000002
5492,Le Sueur Municipal Airport,K12Y,4207.999999999999
2159,Bristol Airport,WN63,4207.999999999998
5319,Arrowhead Springs Airport,93WI,4207.999999999998
455,Meadow Airstrip,3CL2,4207.999999999995
1748,Austin Municipal Airport,KAUM,4207.9999999999945
3291,Colorado Springs East Airport,KA50,4207.999999999993
3198,Kermizian Airport,0NY3,4207.999999999985
4972,Valenov Ranch Airport,ID61,4207.999999999984
4189,Stuart Island West Airport,2WA3,4207.503593290171
5170,Hoelting Airport,SN22,4207.499999999995
4157,Faulkton Municipal Airport,K3FU,4207.417737951669
5013,Birch Creek Plantation Airport,3VG9,4207.222596680922
1978,Whelan Farms Airport,CT01,4207.135623033534
3234,Higginsville Industrial Municipal Airport,KHIG,4207.130778371955
4875,Pan Lake Strip Airport,07AA,4207.000000000016
1005,Cardwell Strip,34AK,4207.0000000000155
2064,Bald Mountain Airport,2AK7,4207.0000000000155
2593,Ferguson Farms Airport,12MO,4207.000000000005
3826,The Wilderness Airport,8KS9,4207.000000000004
3999,Cedar Ridge Airport,GA62,4207.000000000004
2727,Shangri La Airport,6PA9,4207.000000000004
1189,Sullivan Regional Airport,KUUV,4207.000000000003
1971,Lakeville Airport,NY15,4207.0
4717,Hidden Valley Airport,AZ43,4206.999999999998
5095,Lanesville Skyways Airport,IN13,4206.999999999992
4083,Sky Harbor Airport,9AK5,4206.907507526367
3952,Taylor Field,MU78,4206.895120572311
4353,Norm's Airpark,42II,4206.616844209817
4148,Pine Hollow Airport,32OR,4206.530803450293
1003,Glascock Airport,98VA,4206.217877887245
2168,Limon Municipal Airport,KLIC,4206.1228670733735
4694,Connor's Lake Landing,2WS2,4206.100000000004
2372,Bridges Field,53TS,4206.041666666675
351,Tarboro Edgecombe Airport,KETC,4206.000000000033
3497,Davis Private Airport,VT45,4206.000000000025
460,Red Oak Municipal Airport,KRDK,4206.000000000008
2655,Jacksonville Municipal Airport,KIJX,4206.000000000007
3542,Bedson's Land Base Airport,52NY,4206.000000000006
582,Arcade Tri County Airport,KD23,4206.000000000006
1049,Gerhart Airport,19OK,4206.0000000000055
3508,Foster Field - Dzone Skydiving Airport,ID92,4206.0000000000055
3020,Laura's Landing Airport,22MD,4206.0
5420,Beers Farm Airport,PN73,4205.999999999998
2483,Soaring Horse Airport,33OI,4205.9999999999845
1936,Boyer Airport,63PA,4198.834346707319
2156,Benton's Airfield,NC36,4198.613006166954
3907,Hidden Lake Airport,FA40,4180.962905698475
3651,Laub Airport,3AK7,4178.436794344199
2717,Heritage Field Airport,CN95,4153.291084537898
1320,Gerker Airfield,OH60,4152.6652309736455
341,Fullerton Municipal Airport,KFUL,4140.790519710318
4396,Drake Farm Airport,1SD5,4137.247068369628
626,Skydive Greene County Inc Airport,7OA7,4112.145380770952
3401,Mountain Bay Air Park Inc Airport,PA49,4112.11259791303
1844,Yocam Ranch Airport,7CO5,4083.985682892833
2211,Leisureland Airpark,WA96,4078.902737069021
1009,Hutson Airfield,8FL0,4072.964080825363
1892,Gardiner Airport,5NY5,4063.1836832035833
558,Thunder Ridge Airpark,AZ28,4043.1906015154236
912,Lenzner Farm Airport,7PS7,4036.3821923628766
4436,Bijou Springs Ranch Airport,2CD3,4028.7467514918553
4922,Johnston Airport,35NC,3945.82694362153
1599,Cedar Crest Field,1TN0,3930.026749881658
2473,Secluded Lake Airport,49AK,3925.1369533822217
1660,Bent Willies Airport,52FA,3915.3146586441294
2043,Rochester International Airport,KRST,3893.4121588699736
1544,Buffalo Municipal Airport,KCFE,3877.3717976600065
2377,Albert J Ellis Airport,KOAJ,3866.85114321736
1514,Benham Airport,73IN,3866.274090085834
2392,Harry-Walt Airport,70MN,3854.0758296810845
1578,Byron Airport,KC83,3850.81761555178
1653,Oswego County Airport,KFZY,3845.2641411578034
2449,Antiquers Aerodrome,FD08,3834.9998618938203
1588,Wedington Woods Airport,67AR,3823.803027798622
1710,Coastal Carolina Regional Airport,KEWN,3814.828195730253
1716,Vaughn Private Airport,AL69,3810.5480211058675
4117,E.A.Deeds Farm Airport,VT12,3792.2587592538184
2444,Red Wing Airport,52TA,3783.8826624987996
2491,Sons Private-Commercial Airport,47MN,3769.593905573778
791,Gleim Field,FD81,3766.1015404476607
458,Boober Airport,45OH,3743.658945702754
3041,Buckingham Field,FL59,3712.804449949594
3256,Benoit Airport,IL78,3695.7750472619223
1694,Dowagiac Municipal Airport,KC91,3657.044348198061
2343,Dalton Municipal Airport,KDNN,3640.592810548436
480,Wahoo Municipal Airport,KAHQ,3631.773176705072
2742,Olinger Airpark,OR81,3616.859127854695
649,Trenton Robbinsville Airport,KN87,3589.474466807195
4769,Ranken Airport,4LL0,3587.963179503733
2183,Butler Aviation Airport,6AK3,3578.7174096321173
2790,Downwind Acres Airport,86MI,3573.669167268709
1839,Orcas Island Airport,KORS,3572.0573829971263
544,Kirsch Municipal Airport,KIRS,3566.951207760862
4649,Carmean Airport,MD85,3561.6899841348522
1014,G W Flanders Ranch Strip,CO54,3557.4723024837867
1450,Newport State Airport,KUUU,3552.137952506508
827,Cloud Nine West Airport,46MI,3546.1360375457366
2872,Robinson Municipal Airport,KRSV,3526.210632023168
1591,Todd Field,46IA,3524.473207099335
1402,Dayton-Phillipsburg Airport,K3I7,3521.174803172153
2137,South Alabama Regional At Bill Benton Field Airport,K79J,3506.1577343443464
1186,Orange County Airport,KOMH,3504.2430972469792
1321,Norman Airport,89LL,3477.926736927383
348,Tracy Municipal Airport,KTCY,3477.046968752676
4386,Carl Ensor Airport,61MO,3475.861842769814
2950,Carr Airport,WV65,3463.157611648105
1715,Truckee Tahoe Airport,KTRK,3462.168716364624
3888,Wagoner Airport,4OR8,3432.902297025891
5332,Mitchell Field,17NC,3419.1816539450674
2036,Nellis Air Force Base,KLSV,3375.5995907697034
2084,Yentna Bend Strip,0AK2,3342.0744605454984
635,Greenwood Lake Airport,K4N1,3339.2923460236566
1629,Lafayette Landings Airport,FD90,3337.2436502049327
797,Carty's Airstrip,8AK2,3331.3479083749003
1917,Feik Field Ultralight Flightpark,NE94,3328.2302089792997
1723,Schwartz Farms Inc Airport,4FL8,3326.341113726336
355,Lakewood Airport,KN12,3302.854226791233
3936,Halliburton Field,KDUC,3289.5358422920035
3579,Crystal Springs Ranch Airport,UT54,3286.2477722190197
3537,Stroudsburg Pocono Airport,KN53,3272.6959024186062
4316,Capital City Airport,KFFT,3240.6949337516317
632,McKenzie's Landing Airport,1MI5,3233.6916424946185
392,Etowah Bend Gliderport,8GA7,3203.2435242910647
1706,Duke Field,KEGI,3190.616807420566
391,Iowa Falls Municipal Airport,KIFA,3188.1556424986884
2747,Amelia Earhart Airport,KK59,3166.4299517262507
1690,Crete Municipal Airport,KCEK,3147.3483364256476
1655,Martins Aerodrome,WI78,3095.7368221164857
1860,Old Bridge Airport,K3N6,3092.183941649277
2637,Firebaugh Airport,KF34,3084.5122513848464
533,Redstone Army Air Field,KHUA,3057.2348322499724
2632,Shelley Private Airport,27PN,3051.860676677807
3670,Pinebrook Estates Airport,5GA5,3042.3897672058083
2069,Middle Hope Airport,NY09,3031.7480299652766
1047,Flying K Airport,6TA7,3021.253393819929
959,Blackwater Creek Ultralightport,9FD2,3019.260299537054
769,Erie Municipal Airport,KEIK,3016.613241238506
1856,Mifflin County Airport,KRVL,3011.5458019119615
3436,Tnt Ultralightport,5XS0,3006.6058337084696
422,Mansfield Municipal Airport,K1B9,2993.449569814196
1408,Barnett Airpark,1OA3,2989.162936189267
3107,East Kansas City Airport,K3GV,2970.6552943000793
2941,Crispy Cedars Airport,7WI8,2969.4015294431515
321,Miramar Marine Corps Air Station - Mitscher Field,KNKX,2954.6253734377788
4764,K Bar Ranch Airport,83TE,2954.359329023146
303,Dutchess County Airport,KPOU,2928.6317691382574
1204,Linn State Technical College Airport,K1H3,2925.659332371904
1772,Homestead ARB Airport,KHST,2906.3027034700926
1618,Menard Airport,XA09,2903.7940038594506
577,Sky Park Airport,MN67,2895.743732533199
2440,Resort Airport,0AL1,2884.0720010342284
672,California City Municipal Airport,KL71,2883.3412795238587
2085,Inductotherm Airport,3NJ6,2870.3669590734703
1481,Henderson Field,FA46,2863.7250309581254
1711,Toy Box Airport,9TN9,2825.056591919101
1967,March Air Reserve Base,KRIV,2823.9008981110537
2006,White Post Airport,3VA7,2805.4709069852374
3073,Frontier Airpark,WN53,2794.5136177953245
4692,Barclay's Roost Airport,TA73,2783.2723248047582
1510,Terrell Municipal Airport,KTRL,2780.718523665668
2023,Garrett Field,7IN3,2759.2480505521535
3727,Lakeland-Noble F. Lee Memorial field,KARV,2742.7555332311276
4019,Accurate Airport,67WI,2725.5378658844265
4143,Easton State Airport,KESW,2721.6708722082217
2169,Berlin Lndg Area,MA19,2714.5670338972986
3131,Eagle Ridge Airport,SC24,2703.669433531553
3123,Van Strien Airport,26MI,2696.4058168301603
429,Quonset State Airport,KOQU,2690.404585394917
2258,Freeman Municipal Airport,KSER,2689.134663772685
497,De Kalb County Airport,KGWB,2687.9769058277006
3049,Womack Farm Airport,75TE,2679.5897690216166
2346,JR's STOLport,66FD,2670.3434007710807
228,Cannon Field,53TX,2669.829328113698
537,Brackett Field,KPOC,2639.952326006869
1777,Perdido Winds Airpark,AL08,2639.4285808592326
767,Calverton Executive Airpark,K3C8,2627.9400057088983
746,Los Alamitos Army Air Field,KSLI,2625.326525429598
1077,Hay Field,1GE7,2625.0280611377307
149,Claremore Regional Airport,KGCM,2608.6041165784104
1366,Hancock Airport,6MI6,2593.7986244572567
499,Camp Pendleton MCAS (Munn Field) Airport,KNFG,2592.1836398333885
2690,Elyria Airport,K1G1,2588.715351608447
2078,Cuyler Field,FD27,2586.7926004093633
4094,Grund Field,NY55,2578.180195628494
3187,Hartzog Field,FD94,2577.7672524208683
1071,Tampa Executive Airport,KVDF,2558.5162244204894
3138,Andy Barnhart Memorial Airport,3OH0,2557.872509913468
3935,Anderson Municipal Darlington Field,KAID,2549.9987166161727
299,San Gabriel Valley Airport,KEMT,2536.7575685413963
856,Smith Reynolds Airport,KINT,2535.2111099972944
2060,Gaede Airport,7AK3,2508.78483912503
2418,Buzzards Gap Ultralightport,WV61,2505.0138492963015
1520,Freefall Field,OH18,2492.3328488319626
329,Skinners Wholesale Nursery Airport,16FD,2475.288762273733
1827,S and S Field,1OH1,2465.032220714899
2088,Gettysburg Regional Airport,KW05,2456.5377801828417
931,Tri-Modal Air Park,30TA,2446.3820699772637
1207,Marshfield Municipal George Harlow Field,KGHG,2421.1995166025836
2379,Laurel Airport,KN06,2401.274381471851
186,Camp Williams Airfield,UT08,2376.023980748465
2014,Nulltown Wingnuts Ultralightport,73II,2364.235028356274
3214,Fagundes Field,6GA1,2350.0541664290126
2832,North Vernon Airport,KOVO,2314.7663625776004
2552,Savannah Agri-Air Airport,46NY,2313.5906289229047
662,Trent Lott International Airport,KPQL,2312.4948659679058
2714,Anacortes Airport,K74S,2307.4713713974734
2485,Bailey Airport,2TS8,2306.6602309773516
661,Cubero Airport,NM74,2264.666457852207
3316,Highland Farm Airport,28KS,2263.2740234433295
4923,Mc Christy Airport,IS54,2251.885667393719
585,Bellefontaine Regional Airport,KEDJ,2209.355909920706
1790,Chatham Municipal Airport,KCQX,2199.977386032799
1030,Atlantic City International Airport,KACY,2187.262206933207
5006,Tokeena Air Park,SC96,2175.798600768648
2463,Arnold Ranch Airport,37CN,2174.0840699995288
4768,Drennan Farm Airport,92TA,2170.586514960613
4513,Owens Field,DE12,2168.7886353445897
2693,Willow Creek Airport,WI77,2151.8804881876113
3332,Frankfort Dow Memorial Field,KFKS,2149.4775970412657
710,South Gasline Airport,AK39,2145.3308037202355
960,Stender Airport,01IA,2142.3012293702827
1300,Cedar Knoll Flying Ranch Airport,01FL,2136.421705782962
604,Elge Field,50NE,2132.800573533442
838,Haass Field,TE57,2122.9739538062704
1389,Fender J H Airport,4MO0,2120.1261707914114
936,Stone Castle Motel Airport,PA44,2108.5839106445515
3233,Dawson Field,53GA,2103.2825234437278
4426,Glendale Field,51TN,2090.190781275246
428,Cattaraugus County-Olean Airport,KOLE,2087.583475057617
2133,Vitek Field,31TA,2085.428186902841
1027,Sency Airport,55PA,2081.238819674101
2206,Unsicker Airport,0II1,2073.8821190565773
2487,Provincetown Municipal Airport,KPVC,2070.3113621696493
868,Apalachee Bluff Airpark,67GA,2063.286486716277
2329,Fauser Ultralightport,7PA5,2056.207462373103
4061,Monticello Sky Ranch Airport,GA06,2053.88338822714
5166,Sheeley's Farm Airport,NK08,2048.374645678504
3803,Talladega Municipal Airport,KASN,2042.761737795141
2828,Schadels Airport,1PA9,2040.2064200608363
5415,Als Landing Strip,NJ96,2031.162969839791
969,Buckley Space Force Base,KBKF,2021.7337690556137
3057,Rex's Ultralightport,7II7,2018.6140925049763
1120,Abie Sky Ranch Airport,NE27,2013.2742070382806
1571,Somerville Airport,2MI5,1990.4339081408862
448,Cataney Airport,PN62,1988.4673261437908
4023,Cox Field,KPRX,1964.9964068710133
2200,Willadae Farms Airport,4LL7,1955.8386135506134
3053,Snow Airport,2LL4,1955.531903894782
2430,Bee-Acre Farm Strip,99IN,1953.2834133017968
3275,Sierra Airpark,FL48,1947.7428334643232
832,Festus Memorial Airport,KFES,1941.47049847088
1386,Lumpkin County Wimpys Airport,K9A0,1940.4218548365143
1091,Sauk Centre Municipal Airport,KD39,1916.292401783663
3977,Diamondaire Airport,XS74,1912.0883829577278
809,Central Nebraska Regional Airport,KGRI,1888.4690215574456
3895,Hawk's Knoll Airport,2NC1,1884.8281317120184
883,Dusty Airpatch Airport,5FL0,1883.9385947751823
1447,Robertson Field,K4B8,1877.136657651018
2654,Moore Airfield,01NH,1858.6860280196481
3421,Norman Grier Field,KS36,1855.5467357515208
3696,Kay Ranch Airport,TA61,1847.964746800487
1324,Baker Airport,32IS,1845.6643449954297
967,Hemp Ridge Airport,64KY,1840.4267890303265
2209,Varns Farms Airport,OI07,1836.945099156577
3451,Clearidge Airport,NE33,1828.2255015997034
4071,Westberg-Rosling Farms Airport,74CO,1821.0883685529325
1263,Confer's Place Airport,1IN3,1819.4342668762572
1625,Darke County Airport,KVES,1818.93333837006
908,The 2A Ranch Airport,0FD0,1814.099436558233
1473,Highland County Airport,KHOC,1799.8461139871722
1722,Naval Outlying Field Barin,KNBJ,1780.9882660543428
3702,Moss Hill Airport,6NC9,1777.849281533501
3890,Lake Texoma State Park Airport,KF31,1768.4177181601526
2582,Hunt Farms Airport,15CL,1762.0302682880563
3061,Waltz Airport,34PA,1748.8960510006787
1371,Butler Airport,11TX,1738.6246263218097
529,Herr Brothers Airport,NJ95,1737.2238859244064
447,Winchester Regional Airport,KOKV,1737.2005094128724
3589,Skypark Airport,KBTF,1720.9853771102428
628,Monterey Bay Academy Airport,CA66,1720.1586983257273
2849,Frith Airport,1OA6,1720.1557804074291
1830,Bridle Ridge Airport,TS87,1719.3132273144247
4734,Dream Team Airport,GA50,1719.0216391461927
1442,Riley Field,1NC5,1699.510530214828
4254,Dodsworth Airport,1CO7,1698.6932151152187
1972,Boulder Canyon Airport,MI56,1695.7192371202405
3351,Goering Ranches / Chocheta Estates Airport,50OR,1690.7442226278063
1518,Weidner Airport,4IS9,1684.688134958097
2531,Habersham County Airport,KAJR,1662.9557865760069
1550,Samuels Field,KBRY,1655.644954234934
1280,Gregg Airport,16PA,1646.891837376417
575,Hilty Field,OI68,1644.0091372378583
1934,Fitchburg Municipal Airport,KFIT,1628.2003397976034
1740,Neil Armstrong Airport,KAXV,1628.166150477015
2927,Lazy-W Airport,OI01,1620.204756606711
1219,Estes Airport,67KY,1616.34076444953
1745,Landings Condominium Airport,82IS,1603.5723696047075
1712,Lake Wales Municipal Airport,KX07,1600.264966869329
3058,Raylene Airport,OH68,1582.2971341130694
781,Rieben Airport,OG02,1578.8648718548052
2029,Cottonwood Airport,KP52,1577.6130884833642
3507,Sullivan Airstrip,NE12,1571.7481587531859
1956,Cameron Memorial Airport,KEZZ,1558.099643920906
1016,Independence State Airport,K7S5,1545.64469122158
4615,Burg Lake Aero Airport,30TX,1543.1579369680317
4950,Wkr Airport,65CO,1542.3828569403631
1136,Sky Acres Airport,VT25,1538.0768021672495
2625,Nocona Airport,KF48,1536.693565333853
160,Lakeside Airport,5MI8,1535.509130103771
3202,Reid-Eash Airport,25IN,1528.8896752953306
401,Casa Grande Municipal Airport,KCGZ,1527.672454852796
568,Carson Airport,KCXP,1526.377549248845
2161,Olson's Airport,3WI1,1524.291971447252
2110,Plattsburgh International Airport,KPBG,1504.3860835405253
3390,Springdale Municipal Airport,KASG,1502.1562473981196
2614,Thrifts Airport,FL11,1498.4679534746708
2018,Rahn Airport,27MT,1492.9718063253051
2660,Loomis Airport,ID95,1491.1288062803983
4738,Nelson Private Airport,60IS,1487.5830904720206
5108,Knoxville Downtown Island Airport,KDKX,1480.411693928081
1695,Shannon Airport,KEZF,1477.7552792010188
1195,Waterloo Regional Airport,KALO,1474.7745383860552
3155,Pilot Country Airport,KX05,1468.6434142262253
1042,Gessie Airport,9IN9,1467.6563647258936
1070,Forest Hill Airport,4TX3,1466.9130842860695
1314,Prince STOLport,0MU8,1460.2864650084457
1154,Mile Creek Airport,5CT7,1458.6103205836641
2494,Sandy Run Acres Airport,9NC6,1456.1003800529663
3470,Dodge Airport,MI50,1441.12167841058
600,Holce & Oblack Airport,6OR8,1437.5695848275614
1656,Williams Field,5MI7,1419.646523184347
1019,Camillus Airport,KNY2,1418.872455143992
3365,Ashland/Lineville Airport,K26A,1411.1058191106156
3782,Beck Private Airport,II14,1398.7198838313795
2620,Goshen Municipal Airport,KGSH,1394.3155756335884
3271,Bottoms Brothers Airport,1IN5,1384.0239782649408
1945,Hamilton Municipal Airport,KVGC,1380.625792950717
2559,Colonial Acres Airport,4LL8,1378.6809863410479
3185,Morgan Farm Field,GA82,1373.4842952260087
3119,Johnston Airport,71MI,1368.6210925861906
1900,Hilling International Airport,PN64,1366.4462775936547
1638,Morris Airport,1II8,1365.9491654004253
1525,Rataiczak Airport,OI62,1362.8083261066465
205,Eastern WV Regional Airport/Shepherd Field,KMRB,1361.2351849341069
682,North Star Ranch Airport,MY66,1360.569934312744
2892,Brookline Airport,NH16,1352.2991601840472
4598,Culp Farms Airport,4IN8,1337.1615002453225
3540,Rochelle Municipal Airport - Koritz Field,KRPJ,1326.9099457102634
1046,Coolidge Municipal Airport,KP08,1325.220473960862
4774,Lost Bridge Village Airport,40AR,1321.6978742231656
2066,John H Hataway Airport,5AL7,1320.6862078174422
1216,Tuinstra Airfield,IA85,1317.5147723980651
4812,Fox Stephens Field Gilmer Municipal Airport,KJXI,1317.0839694671658
3190,Liesveld Airport,NE53,1305.8759621413421
816,Tacoma Narrows Airport,KTIW,1304.8897014983206
2281,Kleis Airport,IA30,1298.8369310600242
3663,Flying K Airport,6NK8,1291.7439223566341
1898,Eu-Wish Airport,MU68,1289.112167954733
1606,Cut and Shoot Airport,19TE,1287.5465558014253
680,Erkes Airport,59PA,1283.9001560558522
1075,Shootz Field,OI45,1281.9535893710367
2330,Wilds Field,5MI1,1280.153436502587
1476,Pentecost Airport,12II,1276.100258976751
4579,Alexander County Airport,NC59,1262.8762384807476
3593,Yankee Airstrip,CT13,1261.030082516131
3399,Huron Regional Airport,KHON,1256.295580619075
4970,Kenner Farm Airport,3TN4,1255.6601860763258
1451,Flying N Estates Airport,1GA2,1248.713763154063
1762,Shaw Meadow Airport,VT52,1245.6874186873645
1360,Mount Horeb Field,06VA,1243.8340378865066
3650,Anniston Regional Airport,KANB,1238.59335115369
5342,Harvard State Airport,K08K,1230.3140661126697
2687,Chinook Ultralight Airpark,52OR,1229.827080070671
1872,Mulberry Run Airport,VA17,1215.7920595318326
4216,Rapids Airway Airport,04MI,1214.79741605813
1446,Van Slyke Field,9CO2,1211.324164949071
5282,Lawrenceburg Lawrence County Airport,K2M2,1208.5361619991584
2857,Amery Municipal Airport,KAHH,1206.3719043383726
4036,Triangle T Ranch Airport,66CL,1199.2364456898133
1725,Sherman Municipal Airport,KSWI,1193.4721674017237
2373,Hummel Airport,OH64,1188.2859463250404
2164,Vogelsong Airport,PA69,1183.3324918364635
1613,Blue Ridge Flightpark Airport,34FD,1174.944212481052
3872,Enumclaw Airport,WA77,1172.555930679242
3666,Waite Field Airport,K29M,1167.1124043928312
1238,Frame Field,82PA,1162.7405000770354
4786,Albert S Nader Regional Airport,KN66,1156.1566032191697
5454,Flying Eagle Airport,PS21,1156.1393233221868
1036,Choctaw Nolf Airport,KNFJ,1155.9642469541893
3326,Daviess County Airport,KDCY,1152.3186768013147
3152,Lake Persimmon Airstrip,03FA,1147.4989253581855
2810,Hidden River Airport,22FA,1145.7211727624706
712,Empire Farm Strip,MN15,1136.9592009326414
127,Theodore Francis Green State Airport,KPVD,1136.9436050682677
316,Lenawee County Airport,KADG,1131.5774911576536
3244,Braidwater Farm Airport,2MT2,1123.5924550280558
358,Ormond Beach Municipal Airport,KOMN,1114.8126667051865
3017,Blue Lick Airport,07KY,1113.6657888608495
1977,Lewis Landing Airport,NK79,1111.7382539287782
1098,Gardner Lake Airport,CT08,1109.5061874741489
1993,Yuba County Airport,KMYV,1108.6121663927065
2263,Valley Farms Airport,CT29,1093.9806379281993
4226,Florida Flying Gators Airport,3FD4,1093.0755964677905
2416,Merchant Homestead Airport,7NE6,1089.4957358827014
3707,Deer Run Airport,NC56,1089.0580771407108
4281,Woodford Airpark,20VA,1087.530772580033
1080,Henson Farm Airport,AR35,1079.2026439450858
2944,Taylorville Municipal Airport,KTAZ,1079.078881651711
2568,Harmony Field,6XS9,1078.2944384318516
650,Rafter J Airport,3TX9,1075.5527491932685
4424,Hogue Farm Airport,09MO,1072.1522157703942
2350,Jones Memorial Airport,K3F7,1069.302203364814
2535,Polk County Airport- Cornelius Moore Field,K4A4,1061.2597012204576
1109,Portage Municipal Airport,KC47,1058.4704834322938
2228,Freedom Field,AL41,1055.7684017954093
1886,Meadow Brook Airport,MD09,1051.6482298786595
4010,W J E Airport,TA70,1050.0898824831613
3763,White Oak Airport,44TX,1049.784071077521
3965,Stickle Cattle Farms Airport,MO78,1048.9679024521222
4125,David Beiswanger Ultralightport,6II6,1048.7722457077857
1299,South Lakeland Airport,KX49,1047.9068358894212
596,Clinton County Airport,KI66,1041.6049530411385
2671,Bancroft Airport,CT14,1040.5508346747831
4053,Deer Haven Ranch Airport,WI60,1034.8792709303852
1201,Loxahatchee Airport,7FD6,1029.8495223387363
2259,Sallaberry Ranch Strip,48CN,1025.3704434350393
3475,Stanly County Airport,KVUJ,1016.9370696620855
471,Oceanside Municipal Airport,KOKB,1014.9622361277827
830,Springbrook Airport,5WI1,1012.8589997090093
1504,Cleburne Regional Airport,KCPT,1008.0848275801902
2557,Able Airpark,5FD5,1006.3840652132839
3128,Mc Laughlin Farm Airport,66OK,998.1667268958604
796,Castle Airport,KMER,996.8375848117275
366,Taunton Municipal King Field,KTAN,996.7783791124324
3108,Jackson County Reynolds Field,KJXN,993.0246781180952
2969,Pine Mountain Lake Airport,KE45,984.1432695541013
3010,Madison Municipal Airport,K52A,981.9788790038231
279,Corona Municipal Airport,KAJO,979.7971274507812
2340,Crocker Airport,9OA8,979.567963793779
3794,Dansville Municipal Airport,KDSV,978.2827238028959
1909,Rankl Field,CT20,976.8261766414764
1954,Duplin County Airport,KDPL,970.3815870378714
548,Point Mugu Naval Air Station (Naval Base Ventura Co),KNTD,966.9078006419718
2965,Wakeman Airport,KI64,965.8910218420955
3485,Horseshoe Bay Resort Airpark,KDZB,964.9876228349199
958,Parker Place Airport,TX68,959.9206757915081
1296,Stones River Airport,7TN3,958.8518564395566
951,Butch's Strip STOLport,44MO,956.4960548917566
3790,Martin County Airport,KMCZ,953.1889468868377
732,Jacobia Field,0TX8,950.194718436608
5383,Holly Springs Airport,80VA,947.5422640433482
1720,Mooney Field,22IN,946.061303289394
2668,Dietz Airpark,OR40,938.38953179434
2187,Molnau Airpark,1MN5,934.0625982525048
1053,Hilltop Airport,AK24,928.4381331558182
798,Stellar Airpark,KP19,926.9376551237468
1001,Santa Maria Public Airport Captain G Allan Hancock Field,KSMX,915.7955320596803
2617,Decatur Shores Airport,WN07,915.6603929169497
211,Big Bear City Airport,KL35,913.7559970987163
1419,Marshfield Municipal Airport,KMFI,911.3502561106411
2947,Bluebird Airport,15OK,909.0916799596174
2025,Meadow Mist Airport,WN35,908.2953177280762
3340,Walters Arv Ultralightport,WN80,896.2757210471385
3068,Chain-O-Lakes Airport,3IN7,895.276375120536
4651,Antique Acres Airport,GA59,893.3217094878224
1635,Link Field,63FD,893.2008590037971
3756,Jer-Mar Airpark,18OH,883.8108818978114
880,Concord-Padgett Regional Airport,KJQF,878.1923520952669
916,Temple Bar Airport,KU30,877.029005930544
271,Bermuda Dunes Airport,KUDD,876.8374631339556
645,Boca Raton Airport,KBCT,874.4568266659144
4307,Textor Airport,41MO,867.2564868372389
581,Henrietta Airport,8TS2,866.8866551561247
1484,Cortland County Chase Field,KN03,853.8349637993449
3678,Gilmore Airport,II65,848.5828089612112
3985,Chumuckla 20-20 Airport,93FD,848.3392427964505
677,Tater Farms Strip,46FD,848.2571728286722
3695,Dare County Regional Airport,KMQI,845.5570209955713
2942,Hankins Airport,1OK9,845.4336825616307
1767,Rancho de Aereo Airport,05CO,843.8578320223487
2425,Commerce Municipal Airport,K2F7,838.786798188544
1079,Wright-Patterson Air Force Base,KFFO,837.7488901279622
288,Watts Woodland Airport,KO41,837.7154269770565
2542,Bland Airport,52KS,827.0663276780325
3433,Rockenbach Airport,LL97,826.581678804393
1336,Fletcher Airport,9WI8,821.8609354721156
2602,Medcalf Field,1MU0,821.1125527300107
3313,Blomenberg Airport,II85,817.705339695837
1425,Stormville Airport,KN69,816.4326181663337
2083,Skypark Estates Owners Assoc Airport,18FD,811.7827044663486
1862,Door County Cherryland Airport,KSUE,811.7777004854942
2261,Ban Farm Airport,AL88,809.3077933929375
270,Morris Manor Airport,TA06,808.3607211885344
2255,Perris Valley Airport,KL65,804.1911284833003
3276,Mitchell Municipal Airport,KMHE,802.3586567667697
2946,Kidd-Private Airport,TX12,799.1369183098817
1367,St Louis Metro-East Airport/Shafer Field,K3K6,797.7344613586431
1808,Devils Hopyard Field,CT11,792.5863563662439
2276,Catalina Airport,KAVX,789.7269341407986
2749,Fall City Airport,1WA6,789.2470969351465
1379,Alexander Field South Wood County Airport,KISW,788.2332845128626
1707,Docktors Field,CT51,784.8788667945693
1669,Rio Vista Municipal Airport,KO88,782.743355728475
2047,San Rafael Airport,CA35,782.5651416189542
833,Solberg Hunterdon Airport,KN51,776.5570188261729
2352,Calaveras Co Maury Rasmussen Field,KCPU,770.1249754323891
1488,Green Swamp Aerodrome,FD33,769.2995596346078
487,Jim's Airstrip,OG16,768.9051396582379
1444,Bourland Field,K50F,767.8150545613624
485,Katama Airpark,K1B2,765.5732739426937
2914,Kennedy Intranational Airport,2GA0,763.0316250349312
2870,Samuels Springs Airport,59KY,761.8390182106699
1445,Becks Grove Airport,KK16,761.7910019817236
1205,Palatka Municipal - Lt. Kay Larkin Field,K28J,761.6843515281787
3283,Zelazny Airport,88NY,756.9723088222516
644,Arliss M Airport,FA09,746.3239890492837
4,Chowchilla Airport,K2O6,745.683927821582
1381,Wimauma Air Park,FD77,745.2453059439102
3385,Sunrise Acres Airport,71KY,743.7534833899332
4808,Parrett Mountain Airport,28OR,738.7128528294062
674,Rhines Roost Airport,91TA,733.1173285582807
1253,Plane Country Airport,45OI,732.9038175516182
2317,Granbury Regional Airport,KGDJ,731.7100143245517
4480,General Wayne A. Downing Peoria International Airport,KPIA,725.6432002101246
1056,Rimes Lakecrest Airport,35FA,722.5741189181487
394,Ag-Air Inc. Airport,79TX,722.4267838087338
4324,Athelone Williams Memorial Airport,K6G0,721.4259611374758
696,Reedsburg Municipal Airport,KC35,721.3084129009056
606,Pope Valley Airport,05CL,716.829481354755
1601,Stewart Airport,MD64,715.3244388451137
255,Snow Airport,MA36,715.0357491744776
311,Hillview Airstrip,OI38,714.0738617882342
3734,Eudy Airport,IS40,713.5101414225335
2524,Stapleton Field,TX03,711.2560819970316
4929,Curtis L Brown Jr Field,KEYF,705.7787061216704
3272,Bender Airport,9OA9,701.9090240470941
2062,Summerdale Naval Outlying Field,KNFD,700.8344559233428
561,Turkey Track Airport,MY52,700.0489518472813
1384,Etowah Fields Airport,02GE,689.5959347240872
183,Hamilton Fort Ranch Airport,UT80,688.714057173762
3712,Benjamin Franklin Airport,59TX,681.6543419501065
403,O Neal Field,20SC,679.1612857270761
1870,Pasport Airport,5MA3,677.7659458326294
2086,Boe-Wrinkle Airport,28TS,675.184641269447
2356,Kingdon Airpark,KO20,670.9289616679368
4146,William R. Pogue Municipal Airport,KOWP,667.5646719476194
1813,Le Champ Airport,48MD,666.3134362243757
1549,Handleman Sky Ranch Airport,37MI,665.3234039437829
4137,Buena Airport,WA97,658.6476048529587
4273,Fly 1 On Airport,XA90,658.0306220184351
811,Stoney Point Field,6GA0,658.0281014643298
1766,Flying Ridge Airstrip,CT52,653.0885865169315
4778,Aero-Lane Airport,1IA6,648.0211517986224
1796,Lake City Gateway Airport,KLCQ,645.984382687595
4333,Felker Army Air Field,KFAF,645.6312097675604
2618,M.C.R. Airport,40OI,644.9265879386467
2398,Metropolitan Airport,13MA,644.6950329743696
4515,Tuma Private Airport,MN49,643.1083084443501
4363,Seymour Johnson Air Force Base,KGSB,641.5734142502066
476,Eagle Ridge Ultralightport,43WI,639.042397100086
495,River Valley Airport,WS78,637.12623155045
1567,Fuller Airport,TS00,636.4550944026912
850,Tocoi Airport,FL36,634.6386906554144
949,Crystal River Airport,KCGC,633.4584391667944
3556,Pierce County-Thun Field,KPLU,633.0067780679624
3493,Pegasus Run Airport,4GA0,626.8431181333261
1214,Melrose Landing Airport,FD22,622.7923623814582
1387,Enterprise Municipal Airport,KEDN,621.6005715230722
3906,Post-Air Airport,K7L8,621.1036402475414
1316,Flying H Ranch Airport,3AL1,620.9023447815747
1691,Hogan Airport,OA05,620.8986603125326
2218,Eagle Crest-Hudson Airport,DE25,620.4928575214371
1882,First Flight Airport,KFFA,619.3253976054277
2146,Pines Airpark,8CA5,612.2761692919522
1738,The Peninsula Airport,21MU,611.839859254818
3802,Trollman's Field,9MI6,604.6458281488322
4167,Porter Airport,OH92,599.6581593258385
3627,Broken Ranch Airport,GA76,595.7776676291372
2679,Haigh Airport,MI27,595.0186501397177
3613,Sleepy Hollow Airport,18GA,592.7999791187485
3474,Johnston Field,9NE4,592.6375088876091
1261,Penn Valley Airport,KSEG,592.5962356995594
1021,Flautt Airport,MS38,591.6479695572706
2578,Cross Creek Farms Airport,04FL,583.5116519597326
2678,Ashby Airport,II26,580.4933640648509
2562,Webster City Municipal Airport,KEBS,579.635511080722
3356,Hillsboro Municipal Airport,KINJ,576.2905927501114
2153,Green Acres Airport,CT96,575.9767347248843
2204,Jumbolair-Greystone Airport,17FL,575.5054732668433
2695,Ford Airport,KIMT,570.9869840101275
3111,Head Field Airport,OH44,570.9179880125038
4338,Oakhill Airpark,SC82,570.5085574718647
1088,Kugel-Strong Airport,03CO,567.3096985550951
2451,Miller Field,39II,565.8245746085786
1411,Pratt Landing Airport,7AL7,562.8820620503559
3177,TSTC Waco Airport,KCNW,560.3423928853127
1689,Lewis North Airport,62OK,559.1663680286651
3338,Flying S Ranch Airport,0NC8,555.257756558059
291,Bonel Airport,95CA,552.3222893792521
1436,Deep Woods Ranch Airport,FD86,551.6480651927371
4701,Hustons Airport,IN93,549.5218258295452
1362,Panther Creek Airport,17GA,549.0725622886141
1981,Seward Municipal Airport,KSWT,548.6838345635259
352,Whitfords Airport,KB16,546.2075258549191
4990,Childress Airstrip,MU12,544.9550447743171
4960,Seymour Air Park,TN20,543.4142127557967
5230,Mac Kinnis Airport,MD53,540.7887039573069
5326,Fayetteville Municipal Airport,KFYM,540.7194129310358
1420,Lone Star Steel Company Airport,4TE0,538.4165626881354
1590,Mjd STOLport,FL31,531.319652260931
1432,Deland Municipal Sidney H Taylor Field,KDED,531.2119821527651
1561,Madison County Airport,KUYF,529.4897580871216
1696,B Tree Farms Airport,97GA,529.3548248700602
1652,Jacksboro Municipal Airport,K21F,527.6730499862749
4288,Frank Field,VA52,527.5169354412236
3987,Sky King Airport,K3I3,526.6838127965221
970,McConville Airstrip,CA42,525.6910577681674
1061,Coupeville Nolf Airport,KNRA,525.3430928170995
2077,Burden Field-(Rabbit Run) Airport,61WA,522.0569011463365
2580,Hilldale Airport,78VA,520.747786087859
2106,Twin Hawks Airpark,AZ63,519.8749985804338
3161,Knowlesville Airport,NY01,518.3411664740529
1475,Sussex Airport,KFWN,518.153757569055
1356,Tri State Steuben County Airport,KANQ,517.4763347565166
3051,Arnolds Airport,36KY,517.283715418031
361,Als Airport,NR40,517.0530336184523
975,Scappoose Industrial Airpark,KSPB,515.3151133595941
3154,Phil Cain Memorial Field,3PN9,514.388789229454
2933,Carl Folsom Airport,K14J,514.3696253787081
1440,Patuxent River Naval Air Station (Trapnell Field),KNHK,512.4120496174172
2063,Monticello Airport,KN37,510.79700937615394
770,Marianna Municipal Airport,KMAI,506.99818208068854
2359,Mumford Farms Airport,5II5,506.89316050567504
3893,Brookins Air Strip,73FD,506.72986389014494
2328,Princeton Municipal Airport,KPNM,505.31673702230944
3184,Chimney View Airport,5VA5,504.94349242411033
1731,Avon Park Executive Airport,KAVO,504.43123770107553
1489,J. Douglas Bake Memorial Airport,KOCQ,502.19133279580393
1023,Moreton Airpark,23AZ,500.6658501267006
4826,Millertime Airport,4OH4,498.08014956927116
3355,Clackamas Heights Airport,1OR6,492.854845041936
500,Hemet Ryan Airport,KHMT,492.4809621681745
1878,Evergreen Regional Airport/Middleton Field,KGZH,490.2899584669807
1162,Smith Airport,2GE3,487.04471081235715
3062,Ardmore Downtown Executive Airport,K1F0,486.59500694361424
3231,Reservoir Airport,MD95,485.0519445445683
3753,Marlin's Meadow Airport,XS48,485.0090557342759
2260,Greenville Airport,KGRE,484.8211773925706
1727,Zorn Acres Airport,60OI,482.5775804672
1512,Shady Acres Airport,4KY8,481.5480167464177
1990,Southbridge Municipal Airport,K3B0,480.4683396513831
159,Litchfield Municipal Airport,K3LF,480.06672311493503
2046,Fox Hole Airport,0CD7,478.74271657468984
3328,Airy-Acres Airport,6NY3,476.7468865087687
1111,Barker Airport,WA07,475.19466208876344
2563,Compton Airport,44OR,473.18542178691314
2456,Arrowpoint Airport,VG43,472.1810377106177
2773,Air Acres Airport,5GA4,471.4157336472996
2468,Stafford Airport,20NY,466.1467570712247
2390,Flabob Airport,KRIR,465.5321018403599
3330,Cochran Airport,1KS1,463.5914584501894
1914,Decatur Municipal Airport,KLUD,459.73664062798804
932,Westover Field Amador County Airport,KO70,457.47440528251997
1949,Zuehl Airport,1TE4,455.6348361750598
2952,B.C. Air Airport,NE31,454.40095423260226
472,Rocky Bay Airport,WT77,450.89322986925555
2389,Crews Homestead Ranch Airport,FL01,449.7980099331126
3960,Simpson Airport,NE09,449.43063895486546
4453,Stonehenge Airport,71KS,447.2357634906679
1782,Hillenbrand Industries Airport,KHLB,445.69104514785676
700,Blackhawk Airport,81KS,443.80466853626456
4016,Lehman Field,OR50,443.2335579479647
2249,Collier Airpark,2AL1,442.7729048666218
423,La Belle Municipal Airport,KX14,441.4826261885108
1313,Rockledge Airport,21FA,438.8570403587686
1100,Horseshoe Acres Airpark,FA24,438.469686479754
4101,Morningstar North Airport,3OH1,437.8546309309392
3336,Wabbaseka Flying Service Airport,5AR3,437.74779184442644
4345,Flying J Airport,79OI,436.35444100266335
914,Heilman Airport,14OH,435.14656081340814
3247,Sebastian Cove Airport,32GA,434.62619951923205
898,Lz Fairwinds Airport,LL78,434.4155894558923
4429,Deyoung Airport,6MI2,434.40389551328667
1724,Poso Kern County Airport,KL73,434.22887067414376
4343,Thomas Airport,MU85,433.0228651981808
1354,Mountain Airpark,0GE5,432.47602773352736
1800,Berry Hill Airport,K4A0,432.422784015254
4578,Williamson Farm Airport,AL97,431.8330793879377
2484,Cawleys South Prairie Airport,02WA,431.07637542794623
2634,Vermilion Regional Airport,KDNV,429.06636651536337
1212,DeKalb Taylor Municipal Airport,KDKB,428.20655143560396
1985,Askey Field,9TN5,427.6600303392596
4893,Lt Warren Eaton Airport,KOIC,424.7463591384779
808,Lazy J. Ranch Airport,PS82,423.93590139053447
4304,Darr Field,NC03,420.3419706690137
3140,Siler City Municipal Airport,K5W8,420.12868382844005
217,Crow-Mag Airport,33OR,420.09359233474896
1676,Johnsons Strawberry Farm Airport,9IN3,418.62587224774114
2096,Sutter Butte Dusters Airport,0CN2,418.5189303526282
3030,Rwnway Leasing Inc Nr 2 Airport,8WI3,418.1523667763041
2477,Hoffman Airport,IS63,417.64900977522683
251,Winters Field,8MI9,416.995863335826
4586,Massengill Airport,NC76,416.6101253984366
887,Tropria Airport,IN62,416.5152603009269
2822,Wolomolopoag STOLport,MA66,415.33931699161593
5060,Sloan Airport,WY45,413.08896211141905
4017,Aberdeen Field,31VA,412.39625804972553
3581,Youngpeter Airport,3OH6,411.43704608774476
2267,Pittsfield Municipal Airport,KPSF,408.86942341971013
757,Cross Wind Airport,08TX,407.7087887249732
1907,Skis Landing Area Airport,CT07,406.3746945618841
3235,H.A. Clark Memorial Field,KCMR,403.351134500062
630,Westfield Airport,86OH,401.36385594877135
3296,A Paul Vance Fredericktown Regional Airport,KH88,401.19902791999357
2512,Causey Airport,K2A5,400.4269037120017
3894,Harrington Airport,20ID,400.2465064657563
1951,Olney Noble Airport,KOLY,396.93343999870564
1462,Mid Valley Airpark,KE98,393.7194512345481
2624,Bloomsburg Municipal Airport,KN13,392.01143287216115
2144,Symms Airport,08ID,390.40472353344893
4947,King Sky Ranch Airport,GA67,390.3449508068333
586,Wietbrock Airport,IN90,390.1951004640598
86,Gila Bend Municipal Airport,KE63,387.63095092298107
1880,Belen Regional Airport,KE80,387.13689177663855
5005,Wirth Field,CO06,385.7962736436582
910,Pinewood Airport,0GE0,384.9548099517311
3490,Feutz Airport,MO88,384.22555659810035
3471,Trivelpiece Airport,OR59,383.68342930757694
4569,Brandt Airport,MN19,383.41363286381693
1052,Orange Poultry Farm Airport,4NY1,381.17600108190896
3892,Flying Crown Airport,AK12,380.4115065238633
1119,Southerly Airport,58FD,379.8499783939875
3913,Lusardi Field,4OR7,379.29610731823897
1349,River Oak Airport,00FL,377.5689063730389
5141,Nielsen's Airport,MY97,374.31790790505806
2115,Blunt Field,3WN8,373.1807280461667
2292,Lakefield Airport,KCQA,372.87533644478646
4219,Mc Neil Field,II36,371.56628955480613
5238,Griffin Airport,0IL2,366.91483746644593
1548,Taylor Field,GA16,366.9105001570043
1449,Conroe-North Houston Regional Airport,KCXO,364.20232375797616
1838,Los Alamos Airport,KLAM,362.32978914554667
2502,Philip Billard Municipal Airport,KTOP,361.3555992978871
4098,Cherry Spraying Service Airport,XS24,360.96692722062255
5143,Munsterman Airport,98NE,358.66946061427194
4588,Kenley Field,GA61,358.34837928283366
1355,Skaneateles Aero Drome,K6B9,358.3248104729383
1847,Bluestem Airport,OK58,357.0376538709408
3752,Flying Bj Airport,3NC5,355.9928560798224
560,Port Orchard Airport,4WA9,355.7876468678197
2094,Vanderford Ranch Company Airport,CA73,354.6357823282808
1883,Ed Schulte's Place STOLport,MI45,353.8263389901525
583,Cape Cod Coast Guard Air Station,KFMH,350.2790513020093
1279,Meadowlark Field,63CN,346.7620947465631
2415,Tailspin Estates Airport,58TX,346.5995603021494
3348,Ratliff Airport,16TX,346.17910243878146
1378,Eloy Municipal Airport,KE60,344.5470786033705
3262,Sturdy Oak Farm Airport,AL33,343.2572702403729
3139,Oak Glen Ranch Airport,3TS9,342.9078972375086
619,Durham Airport,II68,341.30517573188564
1832,Flying Tiger Field,FL54,339.36415200074254
3665,Hardin County Airport,KI95,338.6058683546372
4046,Selfridge Air National Guard Base Airport,KMTC,338.44069184757404
1698,Plant City Municipal Airport,KPCM,338.2314370846157
2901,Gustine Airport,K3O1,337.7243800178007
3432,Lous Airport,VA45,335.6029411578679
665,Vaughan Ranch Airfield,WN13,335.1902382978902
5213,Twin Oak Airport,NC69,334.5961853237584
2738,Southern California Logistics Airport,KVCV,334.1705772028409
4567,Seminole Lake Gliderport,6FL0,333.6045680334609
2741,Old Orchard Airpark,2NK9,333.16612518961324
1915,Fentress Airpark,XS90,333.0102116661185
154,Redtail Airstrip,FA30,332.9508288617508
723,Meadowbrook Airport,6MA2,332.6727117956789
1403,Shoreline Ranch Airport,1TX4,332.42716902074307
870,Peach Orchard Airport,FL66,331.6148000506328
744,Hesperia Airport,KL26,329.979349889936
1013,Mc Keon Aviation Airport,9XS4,327.16047543482335
875,Gizmo Field,XS55,326.4014448919718
1948,Mariposa Yosemite Airport,KMPI,326.0537502511798
2193,Rogue Valley International Medford Airport,KMFR,325.99964222233825
4981,City of Las Animas Bent County Airport,K7V9,325.63572668907244
3811,James Brothers Airport,59CN,324.8540217787365
3706,Roberta Industrial Park Airport,0GA9,323.01625530401645
879,Dolhun Field,WI36,320.571352715526
2621,Caesar Creek Soaring Club Gliderport,2OH9,320.1038948803895
2920,Willhoit Airport,IS33,319.83579328456307
1646,Charleston Municipal Airport,K09M,319.7899116892105
3733,Rohrer Airport,5OI0,316.47388566753403
2530,Air Troy Estates - Restricted Airport,WI69,314.0818254160263
2288,Bayview Farms Airport,WN51,313.29355758294685
3001,Hub Field,8TX0,312.94125182609497
986,Chippewa Valley Regional Airport,KEAU,312.67127220124956
708,C & L Ranch Ultralightport,AZ19,312.5289182604677
3170,Shultz Airport,TN81,312.10426620903655
4222,Montgomery County Airport,K43A,311.54596330479234
2923,Wood County Airport - Collins Field,KJDD,311.16281047219053
3898,Roberts Field,KRDM,310.96344690806274
3226,Camp Chippewa Airport,0KS3,310.9136112784703
4111,Bland Field,8CL9,310.5399469265759
2433,Barker Strip,35WI,306.8058769101245
1431,Air Rahe Airport,4MI1,306.4713881317716
2185,Billy Joe Airport,37CA,305.0237404703566
3576,Blue Skies Farm Airport,OR87,304.12227479089756
1855,Wiita Farms Airport,65OH,302.2740997169851
382,Tim's Airport,11MD,301.9967755893082
720,Riverview Airport,K08C,300.9368369156269
2662,Perryman Airport,7CL9,300.75406096009146
1529,Atmore Municipal Airport,K0R1,297.4913076401675
1348,Liberty Field Airport,7AL5,297.1903769501675
4270,The Cedars Airfield,FA71,296.86977173439846
3300,Hawk Haven Airport,ID27,294.2998976690916
1765,Catfish Point Airport,0MS8,293.9302310441572
3905,Roger M Dreyer Memorial Airport,KT20,293.08090703409897
1797,Briggs Brothers Airfield,77LL,292.4268819283875
2234,Mirth Airport,WA22,291.2780429180453
878,Bradley International Airport,KBDL,291.0021685148319
1312,Country Club Air Park,NH88,289.15742269433053
935,Richards Airport,ID63,289.0241032055853
2924,Kirkland Airport,FD26,287.82933998254896
828,Pine River Airport,WI87,287.7465030972929
4039,Simons Airport,34CO,287.54161363670835
3781,Mexico Airdrome Airport,NY96,287.17068202893205
2403,Stocktrade Airport,WI05,286.1517038536847
925,Richard B Russell Airport,KRMG,285.1424948391546
1747,Harley Airport,6CL8,285.13435230626646
1823,Washburn Farm Airport,62MO,284.1949598164455
436,Sell's Flying Field,54MN,284.18353061115414
3860,Shade Tree Airport,GA73,281.0833974901388
2354,Skida Patch Airport,2XS4,279.9756415098214
3744,Meadowlark Field,7OK1,279.4705996599168
542,Dunham Field,1XS1,278.1304570557331
4301,Green Acres Air Park,7OR6,277.4799603227847
1372,Nebraska City Municipal Airport,KAFK,276.47835802225836
1779,David Wayne Hooks Memorial Airport,KDWH,276.3560091258105
3967,Mc Gee Field,24NC,276.10612333021186
3636,Macon Downtown Airport,KMAC,275.607203169453
3684,Edwards Farm Airport,3AL5,272.0505021263861
3828,Hominy Municipal Airport,KH92,271.29725899669324
2973,Pleasant Farm Airport,WA63,271.22607502780664
4015,Sandy Creek Airpark,75FL,270.6450112623825
2279,Ingleside Airport,MN66,269.3901828530971
2268,Youngberg Ranch Airport,NV17,268.6807435030594
3478,Harper Ridge Airport,67OH,268.2283992268287
3112,Erdy Farm Airport,1OA8,267.99154143174144
1326,Okeechobee County Airport,KOBE,267.73630748231574
3145,Bonner Field,4AL6,266.26639353621306
4747,Shaw Field,7NY8,265.57301982792956
678,Neiderer Airport,PA55,265.3222205927083
2221,Nevada County Airport,KGOO,265.02853432819654
1901,Walter Airport,0IL8,264.87014680883317
349,Brighton Airport,K45G,264.6695857154914
2730,Krutz Airport,NE18,263.2129351638157
3200,Suffolk Executive Airport,KSFQ,258.2611390352613
3616,Wolverton's Field,30MI,258.2559334246116
4005,Wales Air Field,TE92,258.0531438205656
1012,Redlands Municipal Airport,KREI,255.94229706397365
1555,Mike's Ag Air Airport,49FL,255.51493196830674
1281,Marcidale Airport,8IN9,254.6584083366622
3205,Berry Field,1AL5,253.75551444314365
1840,Flying Exotics Airport,47FL,253.68513733974635
3510,Bass Aero Airport,OK17,253.55406744722546
1255,Woodcrest Farms Airstrip,JY17,252.38189176325412
4757,Floyd Bennett Memorial Airport,KGFL,250.92931822942396
2909,Farmco Field,MS98,250.83488603591854
3500,Munson Airport,OG36,250.1665786675078
4310,Washington County Airport,K8WC,248.8699052032116
2253,Hillsdale Municipal Airport,KJYM,246.76898435494422
1327,Pekin Municipal Airport,KC15,243.9030536999194
231,The Flying Horseman Airport,8FD2,242.5404581958203
1365,Lovettsville Airfield,VA61,242.43883874212065
3543,McChord Air Force Base,KTCM,241.38784518192972
2118,Outlaw Flyers Airport,16XS,239.81562677564764
3688,Pheasant Field,MA64,236.23567321947925
2009,Sauer-Harter Airport,79II,235.21122643283795
2896,Jack W Watson Airport,0IL9,234.83810204498852
1888,Heitman Field,OA11,234.2442187487941
1717,Brewton Municipal Airport,K12J,232.50014925366742
2735,Tecumseh Mills Airport,36MI,230.61225350568805
3410,Crosswind Farm Airport,FL19,230.4343346840629
1069,Buena Terra Airport,33KS,230.09532501048716
903,Flying C Ranch Airport,65TA,229.10695198491413
3517,Bethel-Lake Wylie Airport,SC08,228.54534238344047
2587,Sand Ridge Airpark Inc Airport,OK94,228.4505611960071
639,Clintonville Municipal Airport,KCLI,228.35802645199928
301,Lake Bonanza Airport,33TA,228.27838501308736
1106,Tyndall Air Force Base,KPAM,228.2076622899259
1584,Cuchara Valley At La Veta Airport,K07V,224.31029045339787
4427,Midway Airport,42MI,222.44732635943586
3293,Bodin Airport,IN70,221.2349130695269
2481,Jackson /Bill/ Airport,XS92,221.1573127739904
4609,Knight's Landing LLC Airport,3VG4,220.39992580028044
2507,Medina River Ranch Airport,XS43,219.50921641617498
1559,High View Farm Airport,61VA,219.42196794388857
2545,Dague Strip,II12,217.14892163369453
3836,Hofer Private Airport,SD13,217.01502415882925
3805,Hynes Field,MI26,216.81792108605418
5268,Lone Star Flying Service Airport,XA41,216.04775635999368
3717,Knox's Private Airstrip,OR79,215.1126063573439
4643,Fischer's RLA Restricted Landing Area,6LL6,214.0557531969058
1171,Smith Restricted Landing Area,61LL,213.48657187206126
3605,Charles Field,NC22,213.20162718356025
1617,Wilson Industrial Air Center Airport,KW03,211.28189213052877
2431,Blakely Island Airport,38WA,210.71293532928934
3307,Wards Long Acres Airport,MI15,209.84500553242563
2196,Diamond P. Field,02IN,209.76792308558797
2585,Collier/Pine Barren Airpark,FD89,209.43332916413726
2707,Northumberland County Airport,KN79,207.91466419718105
3046,Graham Landing Strip - Moore Haven Airport,FL40,207.11362681247937
3687,Shamrock Airport,IN84,206.83248494245382
4128,Piano Ranch Airport,2TE5,206.76763521230504
3850,Little Mount International Airport,7KY3,206.73012070990742
2266,Fuller Field,38IN,205.6805732272828
2165,Battle Field,8KY3,205.4671749920945
1342,Flying Palomino Ranch Airport,5FA1,205.4632175836503
2966,H Young Ranch Airport,4XS6,205.45279295925235
4877,Archer City Municipal Airport,KT39,204.8382560473585
3807,J & S Airport,CD14,203.62321323842446
4272,Heber Valley Airport,K36U,202.0289333299959
2846,Carnot Field,3WI0,200.9991459098625
5245,Lonesome Field,1NC8,200.041531528511
2160,Muskegon County Airport,KMKG,199.25471568884495
3557,Alcovy Airport,07GA,199.0961903070393
2422,Ogdensburg International Airport,KOGS,198.85716632146173
1262,Eby Field,II74,198.84897119330014
3134,Harris Airport,IS24,198.72097768068298
4166,Shannon Field,02CD,198.3751366726214
3078,Weelborg Airport,9SD9,197.99924084267846
1345,Athens Ben Epps Airport,KAHN,197.92571967695872
2647,Holly Springs Farm Airport,MD55,197.38407377528367
4123,Monett Regional Airport,KHFJ,196.4607762631094
2728,Sparta Fort Mc Coy Airport,KCMY,194.7112418826934
2597,Benton Municipal Airport,KH96,193.79327266482193
5249,Tex Merritt Private Airstrip,51FD,192.87631941271871
802,Sunny Slope Runway Airport,WN28,192.21773120998716
3225,Blackwater Airfield,8FD3,191.63789289488133
3819,Gilfert Airport,77PN,191.28443363707453
3169,J P's Field,6MI7,190.04763454390005
1947,Eichmeier Field,MI38,189.54247824317474
3577,McGill Ultralight Field,2AZ7,187.67260046971975
2437,Hanford Municipal Airport,KHJO,187.64584675327626
2205,Flying S Ranch Airport,TX37,186.66300231382237
602,Lampson Field,K1O2,184.6532865930291
2653,Sky Acres Airport,K44N,183.61208550172182
1133,Airglades Airport,K2IS,183.41746079460998
1368,Ellington Airport,KLUG,182.86011243382538
1370,Fulton County Airport,KUSE,181.7811119200798
4212,Planevue Airport,OH99,179.88190178416227
2595,Villa Char Mar Airport,1FA9,179.49828734278145
2229,Shirley Airport,61MA,178.98101981523132
844,Watson Farm Airport,49FD,178.9592003453716
4063,Norton Field,75MI,177.10055729998257
3922,Mears Field,VG00,175.0719780497186
2861,Michaels Farms Airport,WV17,174.45088525416438
1920,Burke's Airport,II53,173.99511416704362
2786,Kitty Hawk Estates Airport,3MO6,173.82879615085773
4591,Garner Airport,3VA8,173.7901290616816
1794,Offutt Air Force Base,KOFF,173.6802471756158
3321,Smith Restricted Landing Area,6LL5,173.08466858008046
837,Half Moon Bay Airport,KHAF,172.86181769948593
3668,Sky River Ranch Airport,WA78,172.75667661601196
3505,Elk Heights Airport,WA21,172.6447661812984
4792,Nordheim Flying K Airpark,NJ58,172.50443577020454
2152,Pine Shadows Airpark,94FL,172.30410966871312
4120,Flying Circus Aerodrome,3VA3,171.96090457180514
3201,Alert Field,18TE,171.1927519657024
2154,Putnam County Airport,K4I7,171.19181834948625
371,Agua Dulce Airpark,KL70,169.00885968078023
2600,Crawford Airport,0CA3,168.8341039750926
2139,Cole Airfield,37OI,168.386812758819
3881,Jasper Ridge Airstrip,36OR,167.957938344349
857,Devils Garden Strip,FA18,167.458165811622
3163,Land's Field,21FD,167.03558689122076
4000,Williamsburg Jamestown Airport,KJGG,166.417477693365
126,Laurie Field,CT19,166.28991587500786
2820,Daybreak Airport,WA46,166.04967446589288
3357,City of Murfreesboro Airport,KMBT,165.10089487872423
2540,Hackney Airpark,ID05,164.47325636836436
1939,Hoopes Ranch Airport,57XS,164.26245894552517
2256,Lindell Loveless Airport,LL45,163.59027127323748
3972,Woods and Lakes Airpark,FA38,163.3529515701871
1076,Owen Field,20AK,163.0744800975405
1303,Utter Field,2OA7,160.37971966375068
3150,Cassville Municipal Airport,KC74,158.75006479070896
3350,Pike County Airport,KEOP,158.326526529112
1435,Hemlock Run Airport,64NY,157.47277415900177
1741,Pawhuska Municipal Airport,KH76,157.45969809413538
1145,Santa Rosa Naval Outlying Field Airport,KNGS,156.14263461836143
2285,Godman Army Air Field,KFTK,156.1413142945243
1755,Phillips Field,MO23,155.92831753465424
1426,Reynolds Airpark,FL60,155.5513972557918
2441,Cairns AAF (Fort Rucker) Air Field,KOZR,155.53530366629516
3210,Workman Airpark,OR41,155.40199807032963
2275,Hinaman Acres Airport,1PA0,155.3137556933056
4455,Moore's Field,SC43,155.24026349572733
834,Foreman Field,9TN4,154.95100208776955
3361,Harrod/Rose Airport,II69,154.14310513835244
449,Battle Creek Executive Airport at Kellogg Field,KBTL,153.954027842016
1998,Styron Airport,AL15,153.80922918607553
3065,Cassville Municipal Airport,K94K,152.57124351228043
2194,Little Falls-Morrison County-Lindbergh field,KLXL,152.04541254209246
2082,Viroqua Municipal Airport,KY51,151.9740402781041
1057,Minske Field,8MN6,151.26869706460533
4134,Mountain Valley Airport,KL94,150.13336209323688
1242,Wilkerson's Airport,61IN,149.9840406963956
3604,Red Baron Airpark,1ID4,149.60598512185112
2825,Maplewood Orchard Airport,OH95,149.42417369170016
2945,Holloway Field,3IN6,149.25881805889372
945,Resaca Airstrip,80TX,149.07779504623392
2791,Dayton Valley Airpark,KA34,148.73785222802002
538,Hackenburg-Penny Hill Airport,6PA3,148.316190469957
3084,Schulze's Airport,69OI,147.76088054496978
2264,Red Lion Airport,KN73,147.53050014834807
3984,Cub Field,VA81,146.8202140286738
4233,Green Field,9IN8,146.0719939420702
4483,Aero-Bee Ranch Airstrip,89TX,145.01988523930572
3413,Bishops Airport,GA93,144.909536045662
4204,Cedar Farm Airport,28II,144.88779409897134
1218,Huey Airport,DE14,144.53506237904043
2499,Butler Memorial Airport,KBUM,144.3739821627353
2553,Ainsworth Airport,06TE,144.3299835074618
2863,Platte Valley Airpark,K18V,143.58226547413773
3822,Flying F Ranch Airport,1TE2,143.31294884252068
2902,Fremont (Murphy) Airport,3II0,143.18092155712145
2639,Albritton Airport,9WA7,143.06989148493832
3168,Treeport Airport,ID22,143.02564695049347
1318,Marion Airport,KC17,142.98392866750268
1210,Sanders Ranch Airport,39FA,142.82964518845282
4044,Payne Field,UT40,142.73442542699266
1226,Kahuna Bay Airport,1TE8,142.3037555551278
1654,Combs Airport,62MI,141.49829536183904
597,Marshall's Airport,MA16,139.9265479217106
1942,Aeroflex-Andover Airport,K12N,139.87276004380982
3066,Buchta Airport,II96,139.21296619004974
2290,Dade Field,23OA,138.92498245898372
3268,Golden Field (Yellow Hat) Airport,CO61,138.4728854027429
1815,Fellsmere Airport,4FL3,138.41483870633348
3486,Mineola Wisener Field,K3F9,138.36058706430683
3847,Sprague Airport,CD20,137.81738577948562
812,Sky Ranch At Carefree Airport,18AZ,137.47100607690314
5058,Sky Ranch Airport,TN98,137.46500438399272
843,Elk Park Ranch Airport,34CD,136.5834633129565
2522,Witham Airport,SN57,136.3932422481142
3151,Blue Canyon Nyack Airport,KBLU,135.8473027268523
2289,Hillcrest Airport,OI26,134.52566571920326
2876,Palm Beach County Park Airport,KLNA,134.35879015293665
1415,Lance Airport,6NJ8,134.11972783176796
2642,Chattahoochee Air Park,4GA6,133.60702905019934
1897,Los Banos Municipal Airport,KLSN,133.4177020647931
2397,Springhill Airport,77MO,132.68717801507105
4400,Covered Bridge Fields Airport,1WN2,132.05019533097703
1158,Grass Roots Airpark,06FD,131.7724519370359
2831,Richardson Regional Heliport - Bush Highway,XA40,131.51569203985517
988,Scott 2000 Airport,23FD,131.1996390235637
4816,Gold Hill Airport,NC25,130.60200858611705
2436,Polly Ranch Airport,7XS0,130.5982879284079
1650,Hawthorne Feather Airpark,K8B1,130.43445812100697
2201,Fly 'N' W Airport,4OR5,130.34767025553464
1433,Bird Nest Airport,4MS5,129.24839010917594
1969,Antelope Valley Ranch Airport,4CL3,129.0844639102795
3455,Longs Farm Airport,6TS2,129.07411625143465
2859,Fire Island Airport,6AK5,129.01561482102048
1490,Pepperell Airport,26MA,129.00559965467966
4449,Iron Crown Airport,22OR,128.8768501807046
2231,Lindley Private Airport,II35,128.0828940405816
2509,Pomona Landing Airport,78FL,128.05938607409672
4100,Pickle Plantation Airport,XS91,127.70022432840571
4243,Placid Lakes Airport,09FA,127.20662193090453
5357,Roscoes Airport,OG26,127.16337033420143
2412,Willard Municipal Airport,K8G1,126.67749276562652
3480,Oleo Airport,4II3,126.51596855058138
2875,Wagner Airport,1PA4,126.50125768386773
1479,Flying Baron Estates Airport,10FA,126.01249214635638
1168,Ox Meadows Airport,04WA,125.76001581389511
3845,Plattsmouth Municipal Airport,KPMV,125.4982697354335
777,Dubey Airport,29CN,125.32351673074417
3664,The Green Trees Ranch Airport,OG28,125.08880041741345
2040,Hendrickson Flying Service Airport,IL93,124.418602654585
5025,Daulton Airport,77CA,124.31344230870839
4300,Pinoak Airport,3TE9,122.89029314014194
2813,Horak Airport,7AL9,122.80896228157658
551,Cleveland Municipal Airport,K95F,122.31607307011305
1648,Hodges Air Field,TX67,121.7128709777382
2811,The Homestead Airport,90TE,121.67884513915568
2510,Nowatzski Field,13WI,121.30796031943468
1203,Holmes County Airport,K10G,121.20636970947777
1170,Mesa Verde Airport,3KS1,120.77881791472836
3342,Romeo State Airport,KD98,120.63194341117503
1615,Sids Airport,MA52,120.48738935883482
3535,Denton Airfield,NE40,119.94775321952018
3816,Dugger Field,0FD3,119.85001188758658
3089,Simmons Army Air Field,KFBG,119.70087181401914
1376,7-M Ranch Airport,81CA,119.61361540882758
4043,Deitch Airport,41PA,119.5916362238334
1999,Foley Municipal Airport,K5R4,119.43419634333779
2611,Someday Ranch Airport,2XA5,119.16626082268826
4380,Timber Line Airpark,02MU,118.4450135756761
2460,Mount Sterling Municipal Airport,KI63,118.07695212496247
135,Burrs Strip,14FA,117.80754595597028
1468,Recreation Corporation Airport,33FA,117.6360067949351
3196,Hartland Airport,9KS1,117.24576174846842
3886,Giltner Airport,II54,117.24275277004783
2197,Rolla National Airport,KVIH,116.84017698519632
3023,H R Weisser Airport,92IN,116.59524786599911
1713,Possum Kingdom Airport,KF35,116.57593533860148
2214,Taylor Municipal Airport,KT74,115.64984550276648
2081,Shawano Municipal Airport,KEZS,115.59828719325562
3418,Volkens Field,97IA,115.41065308969175
1848,Ennis Municipal Airport,KF41,115.13416915249834
3677,Wellington Aero Club Airport,FD38,114.64346954655822
3333,Vine Grove Airport,70KY,114.13342334657861
3027,Transportation Research Center of Ohio Airport,9OI5,113.70996033282591
3416,Hilde-Griff Field,05TE,113.17605914072988
4707,Clyde Valley Airport,3NC0,113.02089814627391
3919,Kilmarnock/Tolbert Field,5VA9,112.70264508529807
4488,Walls Airport,NY19,112.00508757414325
2299,Placerville Airport,KPVF,111.68840910394748
2287,Hallelujah Field,OI40,110.33248513703087
2230,Buchanan Airport,56FL,109.73119075055519
1927,Hopedale Industrial Park Airport,K1B6,109.57618833686529
3523,Amar Farms Airport,4KS1,109.28628188117193
1398,Akron Canton Regional Airport,KCAK,109.23685746891813
3195,Longs Airport North Airport,OK21,109.21765735728273
1531,Mason Airfield,NH76,109.13227889970364
2235,John M. Foree Airport,12KY,108.74398005316758
3104,Newbury Airport,28OH,108.64208499409132
979,Brablec Farms Airport,MI02,108.52714765920452
4585,Mill Creek Airport,OI85,108.52564389488285
1642,Lib Field,2FD8,108.00159225235402
3548,Weedhopper Meadow Airport,WI71,107.89093322193314
4555,Sportsman's World Airport,TA65,107.18985314505797
906,Department of Corrections Field,FL03,106.99668174005276
2608,Sparta Community Hunter Field,KSAR,106.7540346347882
1595,Amy Airport,1II4,106.27062312452632
4199,Vineyard Oaks Farm Airport,CN15,106.22467032315916
2320,Jerry Sumners Sr Aurora Municipal Airport,K2H2,105.60393684098574
3429,Whiteheart Farm Airport,08NC,105.59041171180442
3339,Neely Farms Airport,9GE7,105.5460581528584
4357,Necedah Airport,KDAF,105.28023736991055
4050,Doug Bolton Field,02GA,104.96601641477962
3904,Triangle Airpark,AZ50,104.74274334154025
4331,Don's Place Airpark,68PA,104.49569615275823
3606,Nielsen Airport,2OR0,104.46232030388748
2217,Hedge Hop Field,NK27,103.94628901923261
4677,Apple Valley Airport,KAPV,103.17954031830604
2226,Decorah Municipal Airport,KDEH,102.6627132687947
2672,Ashland County Airport,K3G4,102.49909529327714
4218,Bluffton Airport,K5G7,102.46107395291621
526,Spring Hill Airport,MD35,102.38019356082793
2075,White Airport,IN47,101.28241722475245
4962,Atwell Airport,1NC2,101.21522247750255
4150,Harrington Field,16II,100.9242589720308
3331,Johns Landing Airport,9OI3,99.99199691189574
2498,Forest City Municipal Airport,KFXY,99.68549065463661
3315,Obannon Creek Aerodrome,OH66,99.66803236223089
1331,Casey Municipal Airport,K1H8,99.22909236968519
2348,Numidia Airport,8PA0,98.75055774290925
569,Shelburne Farms Airport,VT22,98.72396302416439
1929,Barrett Airport,MN18,98.42735926374955
4158,Horner Farms Airport,WI03,98.37727453593618
2008,Converse Farm Airport,SN47,97.61308425344274
4292,Spartanburg Downtown Memorial Airport,KSPA,97.58010327979275
2575,Miller Farm Airport,MU21,96.89748260061762
2130,Holley Naval Outlying Field,KNKL,96.45032041476207
1464,Parkland Airport,7CO0,96.28980789098996
3284,Beaugh Airport,9CO7,96.24378851020504
1849,Jantzen Airport,93OK,95.45978888264683
4404,Winnsboro Municipal Airport,KF51,95.19219696976033
1726,Flying Cow Air Ranch Airport,FD39,95.04510793201655
3495,Prices Airport,K9G2,94.87019946543076
1645,Sunset Strip Airpark,32FA,94.27313916315002
234,Grand Home Airport,AK99,94.15618164761068
3795,Hood Field,66NC,94.12200710632816
2010,Bostwick Farm Airport,VT23,93.73187828085152
862,Chiefland Sky Ranch Airport,51FL,93.72361776896427
2907,AJ Eisenberg Airport,KOKH,93.46228863881302
5047,Eagle Field,CL01,92.95740290458042
2523,Wyatt 3-Rivers Airport,8TS7,92.73844675471092
2042,Rabbit Run Airport,5TA2,92.65737856436029
3578,Tailwinds Airport,06NC,91.91213087151307
4681,Pender Municipal Airport,K0C4,91.76909682425364
2736,Kingdom Field,5NK5,91.31939109149182
4938,Phyllis Field,6IL2,91.02811192569939
4966,Huntsville Municipal Airport,KH34,90.70909074842984
2239,Archdale Meadows Airport,NY63,90.60298247766212
3914,Ranch-Aero Airport,78TA,89.8340351204217
1893,Norris Field,8II2,89.59821736175235
1457,North Exuma Airport,85FA,89.5569879178685
1513,Herr Mountain Airport,5NJ2,89.42733659662903
1608,Owens Field,II29,89.34073989213879
5224,Prattsburg Airport,3GA1,88.92050758660103
5212,Knapp Airport,6NK0,88.74616856405319
1438,Tekamah Municipal Airport,KTQE,88.45737399880167
1683,Earle Airpark,13FA,88.38577686508167
1866,Antique Acres Airpark,OH65,88.11134114103774
5116,Bill Davenport Memorial Airport,3VA4,88.0549735242493
2325,Square Air Airport,TS63,87.79452050785143
3713,Apex Airpark,WA05,87.77229304983402
3520,Friends Field,4MO9,87.43755001523724
3619,University Park Airport,KUNV,87.32883291001875
3133,R & S Buzzard Airport,0TN0,87.09099088153732
794,Chigger Field,TE52,86.88113414220646
2829,Triangle North Executive Airport,KLHZ,86.81364068107717
3354,Wilson Airport,4IN4,86.50998059455539
2723,Meerwarth Airport,6NK2,86.3714659336857
3069,Haller Airpark,7FL4,85.9852646741814
3719,West Bolivar Flying Service Airport,MS37,85.70076320083515
3037,Victoria Regional Airport,KVCT,85.65876960460402
943,Craw Daddy Landing Airport,3KY4,85.21506559407777
1495,The Landings Airport,66TE,84.98890559498393
1986,Saikkonen Airport,11NY,84.92714481967212
950,Bonanza Hills Airport,34CN,84.84423600348342
4642,Kral's Personal Use Landing Field,42MN,84.81244562954424
3934,Jaks Field,56WI,84.4204236672389
2601,Pauma Valley Air Park,CL33,84.28001834757703
4203,Loseke Airstrip,NE37,84.01525432252198
2527,Needwood Farm Airport,WV21,82.820816416023
3064,Donaldson Field Airport,KGYH,82.14249480558354
1894,Mc Daniel Ranch Inc. Airport,0FL9,81.63521466571966
484,San Clemente Island Naval Auxiliary Landing Field,KNUC,80.94093158845295
3294,Wax Orchards Airport,WA69,80.8138119957204
3640,Murphy's Landing Airport,80GA,80.61229106382478
1289,Burnet Municipal Kate Craddock Field,KBMQ,80.61206319910215
2492,T-Top Airfield,TN14,80.5557258161645
3739,Dean Ranch Airport,XS49,80.52575823343027
2725,Northern Lite Airport,00WI,80.51414553986965
588,Scrabeck Airport,5MN0,80.2281900559296
1665,Ohkay Owingeh Airport,KE14,80.14452532716628
3237,Yankee Field,CO53,80.07659044560843
3863,Perry County Airport,KI86,79.92282169073248
3329,Lakeside Airport,MT03,79.52300053939956
1806,Fairbury Municipal Airport,KFBY,79.2818511695781
4419,Rush Strip,IN34,78.40972104902397
3532,Mc Mahon Field,68WA,77.58592859247096
3452,Park Township Airport,KHLM,77.54716148183496
1551,Mettel Field,KCEV,77.34918115725434
4565,Dozier Airport,57IS,76.8219798354039
1082,Hanshell Flying Apple Airport,84OH,76.16726037145574
3824,Neeb Airport,3PA2,76.12267754042476
3721,Shade Tree Field,MS82,76.0734795780744
378,Faust Field Airport,OR77,75.99673603558027
2298,High Valley Airpark,GA87,75.68983896136503
2903,Bent-Wing Airport,59NY,75.38250874481145
2032,Boscobel Airport,KOVS,75.37589216840189
4282,Mountain Airport,2IL4,75.35726417271601
2852,Branham Mill Airpark,VG29,75.1143432676643
3944,Mundron Field,87OH,74.3503869479368
2916,Willie Run Airport,3MI7,74.06712531941814
3071,Teal Farm Airport,VT01,73.9045557661306
4174,Mc Colloch's Airport,1OI9,73.73689307736197
1248,Graystrip Airport,PS46,73.67547254556258
751,Nogales International Airport,KOLS,73.53636047003275
1260,Sky Lane Ranch Airport,XS68,73.49885439095489
4024,Evansville Regional Airport,KEVV,73.36491784728977
4604,Valley View Airport,K5S9,73.1779210705799
2291,Sundance Meadows Airport,OG05,72.88680340276161
4632,Thompson Farms Airport,6NC5,72.32004348685494
2095,El Tiro Gliderport,AZ67,72.30931562644658
3011,Flamingo Airfield,TA59,72.30405699428155
4524,Bay Minette Municipal Airport,K1R8,72.26237416912507
467,Tonga Airport,1CD2,72.0878122110428
4153,Stettler Strip,II28,71.97074010916748
5076,Stevens Airport,60CO,71.79050059036092
4021,Northeast Kingdom International Airport,KEFK,71.74203292891164
2028,Elsanor Airport,1AL4,71.72729675807
763,Caddo Mills Municipal Airport,K7F3,71.5427600293482
4530,Dean Field,8NC1,71.36199256047048
2958,Beaver Oaks Airport,OR66,71.1123487911346
2957,Howard Private Airport,5CA8,71.04908628218612
1912,Meadows Field,KBFL,70.43588837730736
5205,Good Hill Farm Airport,CT59,70.2137193694059
4727,Sioux Gateway Airport / Brigadier General Bud Day Field,KSUX,69.63793061693899
2432,Funk Aerodrome,8WI6,69.42615105180361
1105,Pinetree Airpark,MY28,69.30949032830989
1677,Tri-County Aerodrome,48TX,68.63624078322829
534,Grove Hill Airport,5TX2,68.5884147480638
3711,Turnpaugh Field,6II0,68.48219021411144
3645,Goddard Ranch Airport,OK85,68.05832924018237
1729,Miller Farm Airport,25GA,67.8637188075276
4504,Aero Plantation Airport,NC21,67.56836668866428
4945,Tucker Field,3NC3,67.51251613178395
4620,Lake Airport,19PA,67.00781681041485
5435,Salem Airfield,NJ74,66.88483505977999
4393,Boulder Junction Payzer Airport,KBDJ,66.8521049005226
4395,Tschirhart Ranch Airport,XS01,66.45667282311999
587,Wicker & Wings Aerodrome,1PS9,66.37850627916188
4163,Clark Airport,19IN,66.06838904118577
215,Edwards Airport,9NC3,65.99766684502168
1542,Schlemmer Airport,95MO,65.88887008867184
1174,Peacock Farms Airport,64IN,65.83281330114964
2251,Circle A Ranch Airport,48WI,65.75638030504277
1950,Prairie Du Chien Municipal Airport,KPDC,65.75450226744984
5198,Fuquay/Angier Field,78NC,65.5493501086789
4663,Salisbury Ocean City Wicomico Regional Airport,KSBY,65.52243879282733
3552,Westley Airport,CA67,65.51098024038998
4409,Lower Creek Airport,NC27,65.3693268400941
2904,Flying H Ranch Airport,WN42,65.32192811620642
2629,Rainbow Field,83TA,65.30699874522892
2843,Sky Manor Airport,KN40,65.28532038949562
1968,Hollingsworth Airport,II39,65.26896107101206
5359,Hite Private Airport,SD49,65.24690512307204
1265,Menominee Regional Airport,KMNM,65.08936448788687
246,Mims Farm Ultralightport,01TX,65.03113504513752
3698,Belknap-Icarus Acres Airport,1IN0,64.92938970937335
1577,Camp Blanding Army Air Field/NG Airfield,K2CB,64.55758663958278
4384,Williams Ag Airport,00CL,63.932421489915704
514,Massengill Airport,7OI9,63.81433824397061
3462,Fulton County Airport,KRCR,63.7527623177101
4003,Triple F Airpark,9NR7,63.29153555949727
114,Dresser Hill Airport,MA30,63.27605315409847
2238,Lodi Airport,K1O3,63.00003061131356
2842,Du Bois Ranch Airport,7CL0,62.96291279627164
5377,August Field,NK17,62.78499331968228
2191,Seven Lakes Airport,62GA,62.73176311658305
3087,Maple Airport,MN69,62.614346494304044
3738,Mountain Air Airport,2NC0,62.38024738737631
4161,Myakka Head Airport,67FL,62.191790456489564
4931,Meadstown Airstrip,NC28,62.02592692160231
2604,Franklin Field,KF72,61.633525162565626
4577,Bender's Airport,2WI0,61.41414211337098
1181,Miller Air Park,NC30,61.22189681463749
2247,Ziermann Airport,MN71,60.985760928774766
3885,Dupont-Lapeer Airport,KD95,60.834817453118866
3868,Panther Field,5IL2,60.7486081018917
2378,O'Dwyer Airport,60NJ,60.60927559554519
676,Mc Manus Field,8XS6,60.30708798132067
4067,Gila Compressor Station Airport,30AZ,60.30609858239213
3050,Southern Oaks Airport,GE35,60.116920015483466
3403,Noland RLA Restricted Landing Area,3IS3,59.96672330710041
2722,Gord Airport,0LL6,59.819474583037966
4242,Vasile Field,NY60,59.45619213650682
1875,D M Stevenson Ranch Airport,OR30,59.019716098506244
611,Sky Haven Airpark/Sellmeyer Field,OK01,58.805905892232
2203,Good Earth Farm Strip,II73,58.21194479372227
1774,Wings N Things Airpark & Museum Airport,CO58,58.17679846151507
2664,Tivydale Ranch Airport,8XS0,58.15689713550396
1429,Loucks Airport,25NK,58.13957712395547
3103,Lars/Private Airport,PA33,57.945230289617015
1982,Falcons Aerie Airport,8GA8,57.52998533515792
4744,Onawa Municipal Airport,KK36,56.820174537774804
3766,Hildreth Air Park,96IS,56.79790636366445
2117,Chapman Farms Airport,67CA,56.72095013312625
4207,Norm's Airport,29II,56.60481189294281
2426,Crystal Lakes Airport,25CO,56.58927172302719
2970,Knight Sky Airport,5WN8,56.53201252658496
806,Goode Field,TX43,56.27310025343637
1269,Gyro Town Usa STOLport,23FL,56.078593478763196
1836,Banning Municipal Airport,KBNG,56.06533044646219
4517,Triple W Airport,K5W5,55.88673889728655
3375,Flying G Airport,0MO1,55.85978173635815
3622,Iva Field,SC34,55.707712090683735
4654,Ultralight Port Ultralightport,67NY,55.586679889834606
2823,Flying L Airpark,6TX7,55.053861733891004
1792,Wings Field,96FL,54.86079901015974
2121,Rosenzweig Airport,PA76,54.75516735598728
3157,Skyline Peak Airport,33NR,54.57901865108318
3610,Lenora Airport,2GA9,54.57687949138092
4925,Darby Dan Airport,K6I6,54.44673047374938
2452,Paradise Falls Airport,0GA4,54.3191660325452
4944,Portland Municipal Airport,KPLD,54.06983052907665
904,Anderson Airport,IA54,54.00348414947975
3040,Peterson Ultralightport,36IN,53.58949219073155
3928,Flying W Farms Airport,6GA8,53.51257686816569
1820,Kosik Private Airport,17OH,53.509985320732234
5313,Koppie Airport,7IS5,53.50853402339602
1761,On the Rocks Airport,1CA6,53.34598806042395
4691,West Ranch Airport,XS75,53.27189533646133
2911,Answered Prayer Airport,1GE3,53.25389765896921
3393,Thomas Landing Airport,27OK,53.13471689601959
2998,Weishaupt Airport,9IL6,53.09628069735587
196,Kings Land O' Lakes Airport,KLNL,53.0642341296948
2210,Allen Airstrip,3NJ9,52.86345261657292
1659,Flying U Airport,0TS7,52.724986808842615
3306,Long View Landing Airport,CT66,52.57634497567534
4993,Kent Airport,8CO0,52.56498394201752
2303,Crow Island Airport (Pvt),8MA4,52.220876082796586
3981,Bugtown Airport,15IN,52.08089966425222
2719,Stanton Airport,NY35,51.712039668417354
2985,McNeal's Field,2IL3,51.64737170074123
2667,Jennrich Field,MN45,51.50009059348636
858,Owatonna Degner Regional Airport,KOWA,51.31941361331502
5223,James G. Whiting Memorial Field,KMEY,51.28743327295259
4622,Salem–Leckrone Airport,KSLO,51.21177086248164
4224,Whetstone Airport,11AZ,50.593488343725596
2195,Kornegay Private Airport,53XS,50.443463009427724
576,Jackson Field,MN17,50.332775645903155
3831,Buck Hollar Airport,95VA,50.27500139452985
2850,Bryan Airport,WN87,50.14591111532886
4430,Grimes Field,AL74,50.038684666446635
1994,Clifton Municipal Isenhower Field,K7F7,49.86704886481256
2598,Thermal G. Ranch Gliderport,PA20,49.828539178642735
2536,Sunrise Dusters Airport,CA18,49.65036738732365
2362,Clark Ranch Airport,3CA9,49.39737955569719
961,Valley Farms Airport,36AZ,49.173198566428624
5311,Fort Morgan Municipal Airport,KFMM,49.115849157052345
3095,Highlander Airport,2FD6,49.067565797000725
2755,Kriewall Strip,4MI0,48.854195592692996
2332,Zwainz Farms Airport,WA08,48.84736367402537
3192,Crop Air Inc Airport,CO48,48.72002378760118
3304,Yankee Kingdom Airport,VT33,48.380858184734706
3207,Pegasus Airpark,5AZ3,48.27272171325221
4836,Greater Cumberland Regional Airport,KCBE,48.264350818110486
3335,Lockeridge Airport,OI58,48.18123557057765
1258,Decatur Airport,KDEC,48.05351193460514
1329,Erie International Tom Ridge Field,KERI,47.88624074567632
3539,Venus Airport,75TS,47.87070248940704
4115,Little Mountain Airport,6NC1,47.86694644310683
1752,Buckeye Executive Airport,9OA5,47.62109405277913
2908,Maplewood Farm Airport,CT39,47.52715735864592
5258,Garner Field,02MD,47.47184527729752
2675,Headwaters Airport,25XA,47.42206843887476
1791,Yellow River Airstrip,FD93,47.06479431519928
3545,Tanner Hiller Airport,K8B5,47.00083031669216
5391,Rockingham County NC Shiloh Airport,KSIF,46.9975980286919
3160,Ingram Private Airport,MU41,46.91268083671746
4425,Mexia Limestone County Airport,KLXY,46.73023669493015
3600,Hull Airport,II51,46.72356906282921
2334,Trovero Airport,LL44,46.62243631005241
728,Myers Field Ultralight Flightpark,2OL2,46.56634945947798
3661,Isle Private Airport,MY72,46.53068227095702
4796,Western Carolina Regional Airport,KRHP,46.51216733745099
2306,Salem Municipal Airport/McNary Field,KSLE,46.26036844944413
1478,Potsdam Municipal Airport Damon Field,KPTD,46.25990911723993
2646,Frank's Flying Service Airport,4IL5,46.14338850465564
1658,Newby Landing Airport,36II,45.87910504511558
2453,Double W Airport,3OK7,45.80433074682172
3529,Pete's Airport,WN14,45.80036573056079
2818,Idlas Restricted Landing Area,6IL0,45.71707779033886
1390,Tib Field,40ME,45.7170554814832
1545,Fox Field,88MN,45.65243402037541
4162,Chuck's Airport,0II0,45.60150592638069
3414,"Warren ""Bud"" Woods Palmer Municipal Airport",PAAQ,45.56919987980941
2300,Everitt Airport,1CO8,45.56298990655326
2333,Rossi Field,FL50,45.456020816673835
1803,Merkle Airport,NK87,45.29867644780668
3620,Rapoport Ranch Airport,68ID,45.27301259279699
821,John Nichols Field Airport,0CL3,45.17613258293001
1906,Cuinche Airport,MO01,45.14921597223671
2753,Burk Personal Use Airport,34II,44.69046193484895
1193,Piolis Brookside Airport,6NY7,44.598073852300935
3912,Southwest Washington Regional Airport,KKLS,44.59618024147901
3287,Westford Airstrip,CT74,44.58094145624359
1094,Parker Airport,TS89,44.535930952000264
4848,Nicolet Airport,88WI,44.535269251962696
2213,Sundance Farms Airport,FD20,44.21723858927942
3866,Britts Crosswind Airport,91TE,44.16901028345772
3551,Grover Airport,PS12,44.15146531816276
3778,Traudt Airport,NE86,44.06217796807296
3464,Rock Creek Ranch Airport,TS47,43.86786716850501
4550,Jumpin J Airport,GA08,43.86260285710498
4283,Israel's Farm Airport,WA56,43.81564016843859
4075,Creech Air Force Base,KINS,43.72038567326718
3440,Coyote Field,4XS1,43.554949776083745
4552,Lentine South Airport,6NJ0,43.05010485056884
130,Fort Dodge Regional Airport,KFOD,42.7281861401146
3173,McGehee Municipal Airport,K7M1,42.43750595153081
2405,Baird-Wolford Airport,2II6,42.10551129762099
2978,West Desert Airpark,UT99,42.03672674179293
2596,Richardson Field,II81,41.99708239401044
4122,Boyd's Hawks Creek Airport,4NC0,41.85847792696091
535,Quiet Acres Airport,NC31,41.576198751756756
2493,Big Andy Airport,7WA0,41.40604783384926
4140,Moonbow Field,25XS,41.085453654468864
140,Dogwood Airpark,VA42,40.879104580075555
5072,Beckley Farms Airport,1GE4,40.64974025900189
3349,Lemons Private Strip,CO10,40.496770086779605
3617,Herren Airport,IS56,40.46378241478709
2501,Carroll's Airport,OI22,40.444648604246716
5071,Crystal Village Airport,2FL0,40.37482174801846
2428,Fly-N-Ski Airport,31XS,40.303974537685974
3292,Alley Oop Airport,68IN,40.222025622490165
1573,Stewart Field,95IN,40.180728787006345
1524,Markham Airport,MI52,40.034403158575394
4497,Benedick Airport,AL37,39.87880810200606
1891,Parson Field,XS88,39.56167470623974
1569,Flying Tigers Airport,39TA,39.466133835632306
4933,Skydive Chicago Airport,K8N2,39.347726786493155
3768,Vetters Sky Ranch Airport,51CL,39.30842174637625
2609,Moursund Ranch Airport,71TE,39.28431228173508
3491,May Airport,80NC,39.26997927408053
3669,Murphy Field,06NY,39.26315346079345
2173,Mc Culley Airport,IL56,39.066432182827064
3611,Ranch-Aero Airport,PN90,39.00494836239164
4520,Baker Flying Service Airport,AR01,38.93267720287683
2566,Camanche Skypark Airport,CA19,38.40623318617177
4913,Jjs Airport,CO56,38.396832172123865
3595,Montauk Airport,KMTP,38.39288474720207
2007,Owasco Airport,NY92,38.29919101995301
2779,Poole Farm Airport,2GA1,38.21899706343175
2336,Oak Ridge Airport,FL82,38.08999362297647
2045,Little 'L' Ranch Airport,TS61,38.03966970080812
3219,Claucherty Airport,MI35,37.75717548067729
3848,McDonald Airport,0TN5,37.55310323229003
2628,Linvill Airport,0PA7,37.49379811395195
2751,Bil-Mitch Airport,5MO3,37.47229370383109
2720,Miller Airport,IN53,37.45046436776123
5226,Dr. C P Savage Sr. Airport,K53A,37.23051189084876
3077,Brown Airport,35II,37.10316734301253
235,Grand Canyon National Park Airport,KGCN,36.9813535940936
3592,Flying H Ranch Airport,GA68,36.60549997095614
2657,Buffalo Chips Airpark,TE45,36.55197626196225
4639,Lakeside Airport,MU65,36.36743265491007
2713,Timber Basin Airpark Inc Airport,ID24,36.29095323077387
3681,Harris County Airport,KPIM,36.138919375790316
2900,Grabhorn's Airport,8OR6,36.094022969562005
1753,Reasoner Airport,CO14,35.08836560293154
4406,Warrington Field,DE27,35.002896752760144
2027,Dry Creek Airpark,OG21,34.99873072333624
4576,Chuckster Airport,XA17,34.894119281903755
1757,East Side Airport,3TS0,34.877265539323304
3626,Ritchie Airfield,28NK,34.858135799698154
4229,Grants Pass Airport,K3S8,34.85147650474674
249,Citabriair Airport,UT43,34.62711207832963
1603,Lake City Airpark,FL27,34.586452127104465
4006,Northbrook International Ultraport Ultralightport,1NC9,34.52387196401853
2506,Buckingham Airport,PS68,34.405246185773066
3964,Flaherty Field,0LL4,34.39673695841191
2588,Short Air Airport,1MU4,34.19253476549925
2981,Rock Hill - York County Airport,KUZA,34.11971561647364
3887,Dreessen Field,17II,33.98056775987722
2148,Smith Field,KSLG,33.78484763642589
4514,Toledo Suburban Airport,KDUH,33.764709770607865
4082,Yoakum Municipal Airport,KT85,33.66397230447409
4418,Boyceville Municipal Airport,K3T3,33.56054016806083
1684,Timmers Landing Field,MN41,33.3710077958867
2462,Empire Valley Airport,MN88,33.34351189486928
4299,Lackorn Airport,TE51,33.33175438880308
1670,Morris Airport,OL23,33.26213576422241
4149,Raleigh East Airport,9NC0,33.19235063456664
3948,Sunset Strip,0GA6,33.1885380307181
4248,Flying S Ranch Airport,2XA4,33.18835849090576
3246,Parkside Airpark,WA87,33.13112374864669
3726,East Penn Airport,PA30,32.97162863823293
2051,Tyler Farms Airport,15MN,32.7880388795982
1391,Wynkoop Airport,K6G4,32.56017747662196
3658,Flying H Ranch Airport,9TX4,32.55759552043601
1211,Dobbs Ranch Airport,9XS0,32.5223108785318
4689,Bar 16 Airport,1TS2,32.47958371576324
4348,Eagles Nest Airport,K31E,32.470472776921746
4378,Wabash Municipal Airport,KIWH,32.03768389658337
624,Jean Airport,K0L7,31.999052890570997
3516,Franklin County Airport,KF53,31.751606880507577
3917,Crawford Field,II90,31.702958879535352
1895,Rimrock Airport,48AZ,31.545241904352316
3528,Tillamook Airport,KTMK,31.522758750383318
4809,Stromsburg Municipal Airport,23NE,31.398782238242756
2663,Grand Canyon West Airport,K1G4,31.39612554722649
1543,Mount Royal Airport,3FL0,31.19143375785324
2744,Grand View International Airport,WN23,31.050308743917654
4928,Cottonwood Farm Airport,87VA,30.95142624219194
3457,Meyer Ranch Airport,5CO6,30.82249683225378
4676,Bahnson Airport,43NC,30.72551210367424
3045,Brown's Cape Horn Airport,4WA1,30.70331919499749
3374,Homestead Airport,29IN,30.682145516527914
3301,Burney Farms Airport,MS54,30.561148627487928
3127,Healdton Municipal Airport,KF32,30.39696940142205
4280,Ty-Ti-To Airport,MD83,30.251335507124185
4417,River Bend Airport,GE33,30.24774991241927
5244,West Private Airport,DE21,30.24477313323924
3829,Shenandoah Municipal Airport,KSDA,30.223557957033975
4303,Whithall Farm Airport,1VG2,29.988034056851532
1911,Pearland Regional Airport,KLVJ,29.752943584335622
5168,Holly Point Airport,9VA1,29.692524434037274
2838,Bakers Strip,7LL4,29.689890450793694
5031,Jiles Field,9NC4,29.52055456147205
2636,Lang Ranch Airport,84XS,29.290402506202597
3314,El Paisano Airport,72XS,29.26606859227761
4298,Prairie Airport,83IS,29.154638093574444
703,Todd Field,K14Y,29.090682006086038
1427,Nagel and Schultz Airport,37MN,29.031850569697752
5034,Lanni Field,18NC,28.578955130571707
2883,Harriman and West Airport,KAQW,28.503506504338898
683,Brian Ranch Airport,CL13,28.445446366735634
3942,Scherrico Meadows Airport,WS16,28.289861127930763
4570,Engineers Airport,NK82,28.19667846855263
4686,Sky Meadow Airport,MN58,27.971745050319413
4645,Eagles Landing Airport,5GA3,27.856508693868815
4286,Brandon Airport,VT55,27.821708984951833
4819,Hay Fever Farm Airport,CO59,27.816478545376743
4236,Chesapeake Ranch Airport,MD50,27.770276927237198
4038,Harold Emmerich Airport,1IS0,27.756992134924253
3945,North Texas Regional Airport/Perrin Field,KGYI,27.489248168278102
2128,Granby Sports Park Ultralightport,CO86,27.248541587447534
4646,Aero Lake Farm Airport,2OI4,27.190852295488583
5145,Tavernaero Park Airport,FA81,27.18146341055068
2511,Friday West Airport,1WA9,27.172491085664813
1101,Willis Gliderport,FA44,27.152442567483032
1034,Paloma Ranch Airport,29AZ,27.14362174028815
2178,Gopher Gulch Airport,OR29,27.073231124490746
3047,Mineral Wells Regional Airport,KMWL,27.00940435107422
2035,Orange Municipal Airport,KORE,26.953896992901168
4803,Weiser Air Park,KEYQ,26.953265458279716
4773,Heaven's Landing Airport,GE99,26.82145312967356
5089,Mulholland Airport,OI99,26.800550730314054
5414,Holeman Field,NC40,26.576159521651753
3644,Russell Field,0NY1,26.49280450554829
4841,Tehachapi Municipal Airport,KTSP,26.471451599878733
1031,Tall Timber Airport,CD28,26.311063798805794
1785,Duda Airstrip,08FA,26.216428396823027
5023,One Sixty Four Place Airport,TS02,26.16360403689401
3808,Taliaferro Field,OK23,25.96975435516456
2898,Marlin Airport,KT15,25.843775659472815
4192,Baswell Airport,57AL,25.614828604448665
4394,Spring Paths Airport,42NC,25.608412641176024
2991,Counter Terrorism Advanced Training Center Airport,FL91,25.56898734588627
2807,Anna's Airport,SC70,25.553169536018828
4376,Careferre Acres Airport,8II1,25.545491441786194
2404,Sky Classics Field,7PS4,25.501969970794374
5404,Robins Air Force Base,KWRB,25.435073320551506
3533,Swanson Ranch Number 2 Airport,89CA,25.39940843493771
2921,Snoddy Air Strip,34OI,25.376666790635593
3815,Dewind Field,85MI,25.26725009797256
900,Pierce Airport,10AZ,25.22421385018039
2070,Aire Parque Airport,42MO,24.849116716065843
372,Maple Hurst Farms Airport,LL74,24.743140997967224
2079,Flying Eagle Estates Airport,9OK3,24.732082370804854
1516,Botsford Aerodrome,6PA5,24.720778152537775
2661,Cordes Airport,00AZ,24.719742762693922
1622,Cross Keys Airport,K17N,24.70661726337695
3243,Custer Airport,KTTF,24.579993418483266
948,Hunter Mountain Airport,97NY,24.549402100270125
3419,Hanel Field,0OR9,24.5340729462454
1038,Crystal Airport,0OK9,24.52056936139374
4930,Roberts Airport,OH88,24.402824067331984
4526,Dove Airstrip,MO81,24.36214096343684
2787,Mustang Airport,2CL9,24.3059007887381
2992,Lemoore Naval Air Station (Reeves Field) Airport,KNLC,24.257268683583224
347,Pat-Mar Strip,AK63,24.084315800690987
2301,Foghorn Farms Airport,6IN5,23.95737511827551
176,Flying R Ranch Airport,WA49,23.898784575664898
5015,Owosso Community Airport,KRNP,23.86266938330754
2189,Torrey Pines Gliderport,CA84,23.84814645118539
3875,Skyhill Airport,1OR7,23.802777049099376
5323,Murphy's Landing Airport,2DE8,23.710197778115727
2505,Baisden Airport,4OI9,23.570110438438576
2374,Funny Farm Airport,4CA2,23.46887062061765
3710,Indianola Municipal Airport,KIDL,23.254927430861066
2383,Burntwood Ranch Airport,FL43,23.238106998266062
465,Mountain View Farm Airport,VT64,23.167373269208316
3750,Davy Jones /Private/ Airport,3IS6,23.09423733618349
2448,Hart Mine Airport,9CL4,23.071112930471475
2874,Beale Air Force Base,KBAB,23.02317707081098
3079,Michael Airport,54KS,22.796490744684114
711,Twelve Oaks Airport,5FL7,22.750712150839075
2180,Miami University Airport,KOXD,22.4213502407423
3963,Gordon Brown Airport,5LL5,22.41618467194137
4416,Mitchell's Airport,3MS5,22.40619489003752
3563,Ava Bill Martin Memorial Airport,KAOV,22.388388371741613
1267,Macho Grande Airport,41XS,22.300093315177403
3217,Grupe Ranch Airport,5CL0,22.28254365892331
2224,Spezia Airport,9CL9,22.26746464910616
2016,Pickaway County Memorial Airport,KCYO,22.198831002458355
5134,Fairways Airport,OG20,21.928003992867048
2762,Moders Airport,MO03,21.90377308040407
1224,Hobart Sky Ranch Airport,K3HO,21.77999052490158
3553,Epps Airpark,00AL,21.764575658286937
1467,Cub Haven Airport,FD53,21.742768300547166
2526,Waseca Municipal Airport,KACQ,21.632716976056376
5329,Winch Airfield,6WI1,21.55976031296256
1614,Pittsfield Penstone Municipal Airport,KPPQ,21.503257694547408
5175,White's Airport,63OH,21.444840996550408
3425,Bishop International Airport,KFNT,21.39281902788417
2380,Baroda Airport,MI68,21.177296163647295
2065,Sage Ranch Airport,OG15,21.171984462680413
2845,Frank Sikes Airport,K04A,21.13317876560124
5218,The Sigurd Anderson Airport,K1D7,21.036336626246417
4459,Home Free Airport,3IL7,20.81864891278853
926,Fairview Farm Airfield,PS20,20.36475357792451
3186,Jaars Townsend Airport,KN52,20.361057730957466
1819,Bowen Farms Nr 1 Airport,CO98,20.30842250950082
4383,Pinckneyville Du Quoin Airport,KPJY,20.28166083866326
2740,J-B Airport,CN29,20.185262644794598
3544,Rio Vista Hills Airport,AZ64,20.121551192986075
2517,Take Five Airport,WN45,20.0602375565619
4723,Small Field,IN81,20.037390098909082
3797,Land Airport,CO82,19.793322253089016
2627,Borges - Clarksburg Airport,CN13,19.684227726749526
1361,Maple Lake Municipal Airport,KMGG,19.635879568203347
1346,Fletcher Field,KCKM,19.566488943293606
1834,Reedley Municipal Airport,KO32,19.50428903071373
2865,Stout Airport,FD83,19.440618933686956
3737,Umphlett Airstrip,VG37,19.356982027797905
2606,Merritt Airport,2OH2,19.340859897435514
5266,Wilson Creek Airport,0AL9,19.318425111927997
4118,High Meadow Farms Airport,9NJ8,19.275085485176252
5225,Matthews Airport,NJ09,19.253396360793076
1328,Campis Airport,7NY0,19.235473227143444
3437,Burris Ranch #1 Airport,55NM,19.208796734189825
3743,River Field,TS27,19.165837099040033
1851,Highline Farm Airstrip,67CO,19.060762141326908
1554,Costello Island Inc Airport,4TA3,19.056123939280095
2698,Kingsland Estates Airport,TS18,19.006211680982172
3245,Cloud 9 Airport,68KS,18.999163853201658
4870,Duflo Airport,NY10,18.9384198674868
4641,Patz Airport,5WI9,18.848968696721897
1634,Rlm Farms Airport,FD09,18.655278075798584
5132,Little Tobesofkee Creek Ranch Airport,GA86,18.60778630633329
889,Ferguson Airport,K82J,18.563472682003805
2824,Gary Field,MD41,18.43372300306743
1472,Sherwood Farm Airport,7NY6,18.41974250595186
3443,Sky-Vu Airport,MO45,18.400804677116977
1770,Northern Lights Airport,VT46,18.340129184913803
335,Lm Ranch Airport,TA93,18.228524982858126
2188,Ayresouth Airport,0GA3,18.190242879439925
3692,Turner Airport,4WI4,18.18156894145024
4538,Lapeer Flyer Airport,0NK6,18.177548967923723
1045,Sequoia Field,KD86,18.08390204001722
3172,Unknown Field,1MA5,18.07790485103219
2112,Lake Geneva Aire Estates Airport,WI89,18.042097840650346
1152,Cross' Farm Airport,4NY4,18.026652353292103
3431,Waters Airport,MA97,17.87494183639804
2097,York Municipal Airport,KJYR,17.74484870255229
2461,Marble Head Farm Airport,5MD0,17.587277799348872
2186,Canaan Air Base,NC20,17.57339397924178
1811,Lt World Airport,00GA,17.567153055252174
2478,JTJ Ranch Airport,6TX6,17.460813688888535
3708,Belos Cavalos Airport,CA39,17.38981491747234
1146,Sarita Airport,37AZ,17.374912958943476
3844,Borrego Valley Airport,KL08,17.34116264962278
1781,Reece Ranch Airport,20TE,17.322921174407735
1742,Giddings-Lee County Airport,KGYB,17.236296199544842
4561,Mesquite International Airport,K67L,17.21989949040066
2594,Sherman Field,1NY5,17.144298006309466
5242,Kenly Airport,7NC3,17.12384991548585
29,3-M's Airport,96GA,16.91360673029537
4673,Green Landings Airport,WV22,16.8849566890288
919,Perkins Field,KU08,16.74501048269124
3325,Comanche Springs Ranch Airport,CO97,16.67245831795301
3814,Sunny Rest Airport,8PA8,16.548348882536278
3854,Seven Gullies Airport,0NK3,16.503619229842645
2977,Perry-Warsaw Airport,K01G,16.459626131207553
3116,Langley Air Force Base,KLFI,16.45388653907398
4685,Skydive Oregon Airport,OL05,16.43634553969469
3211,Earl L. Small Jr. Field/Stockmar Airport,20GA,16.4098905367212
1609,Spring Valley Farm Airport,1WI0,16.36948963611549
4563,Becker Personal Airport,MY43,16.26504417110491
4737,Craig Craft Airport,86NC,16.205919210987094
1176,Nardo Airport,77PA,16.113522204237647
4330,Mendenhall Airstrip,2OG5,16.09445168733975
4963,Knolle Ranch Airport,08XA,16.08998102830423
3239,Flying E Ranch Airport,7XS1,15.926166666948516
2495,Elliott Field,30GA,15.912210386373426
2302,Savage Island Airport,VT15,15.859520771910747
1102,Lamberson Airport,51PA,15.816859089260927
3038,Rocky Ridge Airpark,82OH,15.777438277543364
5370,Ayres-Aicp Airport,3VA0,15.743824365004665
734,Continental Airport,35AZ,15.684427935531403
5355,Dublin Field,NC82,15.593145347474765
1477,Lanker Airport,OI28,15.44943879075712
3274,Pecan Ponds Farm Airport,AL84,15.387841893298287
3377,Lathan Strip,5NC2,15.36376180322951
2459,De Ford Airport,4II0,15.32450248727094
3558,Adelanto Airport,52CL,15.301920904135303
4594,Byrd Creek Airport,46VA,15.160941262248576
3250,Old Rhinebeck Aerodrome,NY94,15.160939268338845
2551,Hunt's Sky Ranch Airport,04CL,15.137056047616506
4926,Neals Airport,OH96,15.092046360671208
2819,Dotson Airport,55FD,15.02606402562487
839,King's Ranch Airport,TE48,14.959859242259924
3423,Sky Meadows Airpark,WN92,14.906437293590823
4196,Eliza Island Airport,WA58,14.832090173444875
2391,Angwin Airport-Parrett Field,K2O3,14.785794112781108
4131,Dogwood Farm Airport,FA26,14.770756579343377
764,Young's Strip,87CO,14.754076896429122
5229,Southampton Correctional Center Airport,VA14,14.740928400075703
1995,Middle Georgia Regional Airport,KMCN,14.733403623411885
930,San Carlos Apache Airport,KP13,14.62987503423064
2605,Albrecht /2/ Airport,IL09,14.57659602344818
3835,Big Sky Airport,AL93,14.566678084211379
3970,Ellis Agricultural Field,34FL,14.562752599314988
4065,Klutts Field,20XS,14.56118268479198
3484,Squirrel Creek Ranch Airport,4TE9,14.496594998389213
2919,Masser Field,67PN,14.467978470649458
3720,Zettlemoyer Airport,2PA0,14.435712782710823
3629,Lazy G Bar Ranch Airport,09TA,14.319375407059393
4440,Steele's Bottom Airport,4KT4,14.292364755206814
4867,Neno Airport,NY18,14.269526274979947
2012,Rancho Murieta Airport,KRIU,14.161234352479353
2710,Lola Landing Airport,36GA,14.157025365757018
1540,Highcrest Air Park,SN83,14.152877935978754
409,Ambassador Ultralightport,54OK,14.140092974754522
2486,Willaview Airport,2DE2,14.132964372352921
4667,Wheeler Airport,IG05,14.117014705709579
4793,Valley View Airport,7NK0,14.04955238916504
4941,Ridgely Airpark,KRJD,14.005157948469177
4544,Stottlemyer Airport,2II3,13.767727902635878
3785,Williamson Airport,OI73,13.667636248525724
2049,Wheeler Sack Army Air Field,KGTB,13.609556103402909
2856,Faber Vineyards Airport,12CA,13.599254450032683
5360,Viburnum Airport,MO84,13.469940384630707
872,J. Randy McKnight Nephi Municipal Airport,KU14,13.105442649188477
4728,Falk Air Field,NE67,13.096037765238638
3309,Piper's Landing Airport,IS34,13.081050088200156
2956,St Clair Regional Airport,KK39,13.068488077385284
2246,Tilghman Airport,97XS,13.032399226991757
3760,Goodnight's Airport,2NC8,12.906492409932822
5228,Bridgeport-Cahill Field,6NJ9,12.895094503144334
1385,Bowman Field,63OI,12.84063724914082
3048,Culmerville Airport,PN38,12.836594653789122
3973,Mc Whorter Ranch Airport,7WA7,12.65328786701533
605,Hilltop Airport,MU62,12.643603176895022
4315,Limberlost Ranch Airport,CA21,12.643113244845043
2574,Mexico Memorial Airport,KMYJ,12.634886774269813
3132,Lykes Palmdale Airport,FL73,12.520476511775824
2295,Palm Valley Tucson Airport,4AZ0,12.50714423217073
1532,Pennfield Farm Airport,44PA,12.481232545090998
2761,Schulteis Field,71PN,12.474212571070078
4909,Aden Field,VA71,12.415324472256447
822,Sandia Airpark Estates East Airport,K1N1,12.375266837082199
5217,Eagles Nest Airport,21VA,12.369483497780154
3415,Fairlane Airport,5AL8,12.357342371465199
3541,Anderson Airport,26LL,12.288616751035825
655,Swansboro Country Airport,01CL,12.284233750427651
2592,Boehm's Field,2PA1,12.19110614537832
2615,Compton Airport,3LL9,12.110226937356964
5016,Big Creek Flying Ranch Airport,GA18,12.07094503618018
3986,Gottwald Field,10TE,12.037090133517873
4323,Stella Airport,15IA,11.95040220934098
3924,Ruth Field,WV28,11.94759778315401
637,Knox Landing Airport,87NE,11.853680555208566
1647,Blackwood Airpark,TX46,11.836638084115094
3639,Bear Valley Airport,73CA,11.833865791662594
2756,Boening Brothers Airport,7TE9,11.748866896938452
4105,Gunner Field,81WI,11.678131270754712
3524,Blo Airport,12TS,11.643296429648183
1884,Edelen Field,5MD8,11.642446726727195
1679,Cheechako Airport,82LL,11.596812978735203
3680,Bonne Terre Municipal Airport,K1BT,11.526519284081616
2410,Beloit Airport,K44C,11.516216827366272
4750,Castle Well Airport,0AZ5,11.357015243655237
2676,Rustic Wilderness Airport,02AK,11.344126544970061
2788,Woodledge Farm Airport,82KY,11.325139353087382
3749,Jensen Airport,SD46,11.295224022341586
5073,Triple B Airpark,FL81,11.268387746639783
2400,Catalano Airfield,1NK6,11.153820886809727
520,Harper's Fly-In Ranch Airport,0FL0,11.14729508499005
2125,Deale Airport,MD22,11.109828098328784
333,Chicken Strip,3XA8,11.058591280535433
1022,Cloud Airport,7KS2,11.028352060973965
2556,Taos Regional Airport,KSKX,10.98720126794764
3396,Beckner Field,MO15,10.940925593984014
2367,Moller Airport,8CL6,10.9377964623919
4127,Laurinburg Maxton Airport,KMEB,10.899582600609234
3183,Slack Airport,18PA,10.898123286118837
2245,Akin Airport,54CN,10.890400526079185
4274,Brooks Field,8NC6,10.85696585069173
2999,Matthews Ranch Airport,86TE,10.855610629030787
1537,Dean Ranch Airport,14TA,10.686600580690863
5390,Seldom Scene Airport,2KY8,10.67175223185514
3724,Circle S Farms Airport,AR91,10.646068036980319
3395,Kettle Moraine Airport,1WN1,10.5718823037582
5042,Kearns Airport,OH74,10.55021573985984
4718,Star City Municipal Airport,K55M,10.539198439722494
1165,Pester Airport,NE59,10.498232673128651
4271,Driftwood Ranch Airport,XA86,10.476643775397807
1678,Russo Airstrip,4PA8,10.453921146938253
1579,Rhinelander Oneida County Airport,KRHI,10.385939285249572
1959,Buds Ferry Airport,MD39,10.313661611873068
4540,Erwinna Private Airport,PA77,10.303830951887324
3762,George Airport,67OG,10.298396567629707
4721,White Cloud Flying Field,MU23,10.287680453505189
3114,Rachel's Landing Airport,8TN6,10.258554640544379
719,Sandy Creek Ranch Airfield,TX47,10.220792277226634
4558,Vallery Airport,89CO,10.206426318128754
3106,Hillcrest Airport,7TX4,10.138722552006344
2912,Burnett Landing Airport,WN15,10.077048108655802
3591,Spencer Airport,NC35,10.064534473267319
5091,William Leon Schawo Airport,8CO2,9.961122107626041
4256,Willow Pond Aviation Inc Airport,19GA,9.953009181463873
1169,Cedar Run Airport,PN01,9.924899564574643
4390,Diamond J Airport,TS85,9.893798875025443
4751,Lake Clinch Airpark,52FL,9.872228743753789
5066,Regan Ranch Airport,6ID1,9.866577883525665
4460,Kistler Ranch Airport,08CL,9.836439744101268
4658,Bert's Airport,PS38,9.680869301084828
2739,Thomas Farms Airport,85FL,9.668654994439725
660,Perry Stokes Airport,KTAD,9.586788642612595
501,North West Indiana Air Airport,II04,9.485756159395953
3628,Gunden Airport,PS54,9.47145241805612
3005,Gunnersfield Ranch Airport,71CL,9.464892002336903
2700,Benson Municipal Airport,KE95,9.455819121510466
570,Orme School Airport,42AZ,9.449632342722031
4147,Clinton Municipal Airport,KCWI,9.439396884869344
2971,Del Mar Farms Airport,CN99,9.40815133375379
1225,Adams Private Airport,94IS,9.2631165593575
4657,Double Tree Farm Airport,22CL,9.21197412580597
4362,Headquarters Airport,AL27,9.172917113651566
2745,Milhous Ranch Airport,79CL,9.167361612685252
2464,Williams Gliderport,CN12,9.110102710625805
2685,Guggenberger Airport,MY47,9.085492028801971
1933,Kingman Airport,KIGM,9.042477739887259
4628,Grant Airport,3GA0,8.967281409331559
3352,Wallom Field,8CA8,8.866291176032332
2812,Mc Daniel's Field,90IN,8.839968778059424
3319,Knutson Farms Airport,3WN6,8.82518785109294
2537,Windy P Ridge Airport,34IN,8.824447044946071
4863,Yav'pe Ma'ta Airport,16AZ,8.808072939865763
4184,Hinton Field,NC72,8.66262837975882
4029,Flying Shamrock Airport,6MU4,8.581995451985078
4313,Flying B Ranch Airport,TS71,8.566101524015888
1859,Peoria Airport,6CL9,8.545301421187363
3055,Aero Plaines Airport,5II9,8.471530353268479
313,Lake Arrowhead Airport,2CN8,8.464345847440141
4852,Smith Field Airport,2OH6,8.454849491752855
1572,Rauhaus Field,7OH1,8.445609421788685
1200,Rocky Reef Farm Airport,0NK8,8.402190325289764
3085,River Acres Airport,FD70,8.316162773082533
4729,Pine Grove Airport,WI42,8.30491974785831
3409,Ferdun Ranch Airport,CL11,8.287868634764688
4825,Ullrich Airport,0TS4,8.269554803442213
4832,Brighton Van-Aire Estates Airport,CO12,8.230832126139907
4749,Av Ranch Airport,AN01,8.226218033129864
2623,Van Wert County Airport,KVNW,8.221922454908839
4289,Erco Field,0TA4,8.184577455886137
1018,Lazy S Farm Airport,7FL7,8.1714344342799
2055,Sanborn Airport,38CN,8.065902960257686
3295,Wentworth Aerodrome Airport,NH96,8.05412192679204
5474,Southland Flying Service Inc. Airport,MS40,8.043956345507555
4731,Hawken Air One Airport,62TA,7.990642129927794
2689,Peakview Airport,97CO,7.973592347106002
3008,Grapevine Airstrip,88AZ,7.951387763510815
2873,Grissom Air Reserve Base,KGUS,7.924741050241356
2469,Dyer's Landing Airport,57ME,7.922860240265145
3174,Camp Longhorn Airport,84TX,7.904962231289031
3501,High Valley Swanson Airport,ID35,7.893477868508569
4690,Z X Ranch Airport,0ID7,7.893477868508569
1310,Captain's Folly Airport,PS25,7.876315007697345
3447,Eibling Circle E Airport,OI66,7.866547030436179
1059,Flying H Ranch Airport,54TX,7.776656203144646
3982,Stephenville Clark Regional Airport,KSEP,7.7434205024062575
5036,Spangle Field,03WA,7.708595091106402
3966,Parkway Farm Strip,09WI,7.674374233861702
1682,Bottimore Ranch Airport,65CN,7.640890119123013
1198,Thompson Field,1TA7,7.579688751797909
4217,Foothills-Holcomb Airport,GA36,7.55848629872431
4820,Cameron's Airport,MN47,7.5349936614729005
3686,Enochville Airport,NC39,7.532772715116597
3723,Bowles Airport,18CL,7.516940045527782
4086,Chautauqua Lake Airpark,65NY,7.489898182760936
3741,Kearny Airport,KE67,7.454005865146125
2171,B&B Farm Airport,MA89,7.429331599503543
3270,Dade Collier Training and Transition Airport,KTNT,7.4171176332227295
4183,Plantation Pine Airport,3WI8,7.384322818131711
2881,San Geronimo Airpark,K8T8,7.377845686562056
5451,Clute's Hilltop Airport,69NC,7.370845742681547
3990,Match Mate Airport,NK74,7.337877104644935
2549,Perryville Regional Airport,KK02,7.329773100531689
1750,Josephs Airport,DE49,7.283558597386303
2435,Warren Airpark,7PA1,7.270047522647464
907,Heldeberg Airstrip,NY81,7.266682994282661
2072,St Elmo Airport,K2R5,7.24972287606765
4110,Wood Airport,63NC,7.152339718954421
2709,East Hampton Town Airport,KHTO,7.124412787109267
1955,Big Oaks Ranch Airport,6FD2,7.115555215773657
5136,El Mirage-Village Square Airport,2AZ3,7.114539444438324
4746,Turlock Airpark,9CL0,7.036054490693553
4084,Hidden Springs Airpark,36AL,7.022368696606822
4916,The Old Commonwealth Aerodrome,2PA6,7.019092451104951
2799,Latham Park Aero Estates Airport,LL81,7.009814264400166
1807,Palmdale Regional Airport / USAF Plant 42 Airport,KPMD,6.888858488900716
5372,Walker Airport,MO46,6.873708399985319
4854,Flying B Airport,TS54,6.861390165489057
613,Melville Airstrip,2VA2,6.849847404452904
442,Gillingham Airport,8TE0,6.836518836064064
4221,Brooks Field,73KY,6.8143514799697495
847,Grand Geneva Resort Airport,KC02,6.763327745365488
3975,Navasota Municipal Airport,K60R,6.746447618063216
1709,Goodlett Field,9TS6,6.69405959933869
3162,Way West Airport,50II,6.678175988071229
4771,Oasis Ranger Station-U.S. Government Airport,9FL7,6.664271257973703
3076,Port-Bucyrus-Crawford County Airport,K17G,6.629809625076933
726,Quail Lake Sky Park Airport,CL46,6.620277222800746
3601,Sky Ranch South Airport,ID79,6.582175025877767
4987,Simpsonville Airport,VG12,6.581212362244639
3166,San Carlos Airport,4AZ7,6.559093243807476
1301,Mershon Airport,6IN6,6.555286798077335
1208,Shirley Williams Airport,44TE,6.542881970970208
1072,Speedwing Field,WI90,6.540013227513228
3099,Peaslees Airstrip,NJ25,6.534717294666253
2413,Sunnys Field Airport,72MO,6.534244038692642
3197,Richardson Field,XA23,6.5093736897284655
3918,Reedville Airport,VA98,6.481425425166458
466,Compton Woodley Airport,KCPM,6.456030580401573
3994,Sky Way Estates Airport,CL04,6.45189105228065
1831,N D Ranch Airport,51TX,6.4490723333508955
3370,Coppenger Farm Airport,TX95,6.4403352389642885
3955,William H. Morse State Airport,KDDH,6.415611741546373
2577,Barstool Ranch Airport,51TE,6.411687616857138
1179,Branch County Memorial Airport,KOEB,6.292622949974813
1138,Wing-Over Farm Airport,RI07,6.274200063698136
4611,Young Tactical Landing Site Airport,WS20,6.232947436959392
831,Grandview Subdivision Airport,5AK9,6.222627035127036
4415,Western Spur Airport,ID48,6.130968194093158
4878,Riley Field,4IN7,6.090659891172185
4789,Gutwein Airport,72IN,6.090659891172185
3144,Red Roof Airport,WN11,6.059875787968495
3735,Joe Cimprich Airport,90OI,6.057521045119291
1744,Norrie Brook Airport,WI00,6.037556034125461
3676,The Citadel Airport,61OR,6.011004109290298
4352,Kitty Hawk Estates Airport,9WI6,6.00604204923573
2470,Richter Airport,12CN,5.993077056764866
421,Sunset Airport,15WA,5.953385979013222
2910,Westover ARB/Metropolitan Airport,KCEF,5.939078660292292
1616,Chorman Airport,KD74,5.931092669502539
3402,Ozark-Blackwell Field,K71J,5.900221373610978
2968,Hartman Farms Field,53IN,5.895888251459802
172,Rupp Airport,2KS0,5.890093132503912
3364,Gryder-Teague Airport,NC58,5.884832731431558
5569,Ingersoll Airport,KCTK,5.869733281825689
269,Mathaire Field,WI97,5.864808674586962
3632,Goat Hill Airport,NJ79,5.81313659654473
3472,Kern Field,IA48,5.785204683264588
985,Hobby Hill STOLport,2FD1,5.761228494042701
2170,New Jerusalem Airport,K1Q4,5.754933189978366
4051,Panacea Airport,5GA7,5.747196199532917
4205,Groton New London Airport,KGON,5.746966614623409
5153,Waltner & Richards Airport,SD42,5.739286949170391
2866,Siller Bros Inc Airport,97CL,5.733114940488528
3546,Pipestone Municipal Airport,KPQN,5.723625942998046
4443,Aurora Municipal Al Potter Field,KAUH,5.722016236218339
2951,Rooster Field,40KY,5.7117643564080325
1469,Lilienthal Airport,MI92,5.684454875291562
3974,Gelfius International Airport,27IS,5.682182897834668
2652,Center Island Airport,78WA,5.579845538791437
4193,Wood's Airstrip,60AZ,5.563772533270421
4263,Walter A Swalley Airpark,78KS,5.5636184342366946
3642,Rocking A Airport,78TE,5.561270002691542
4230,Davenport Municipal Airport,K68S,5.559818990647837
1118,Rabbit Ranch Airport,4CL4,5.522042145999357
1421,Golden Land Ranch Airport,20FA,5.503582904266756
3910,Plows & Props Airport,2WI4,5.498223646012024
1234,C.J.K. Airport,4PN8,5.479567670973878
2236,Ed's Field,20AZ,5.430160792588588
4842,Fisher Ranch Airport,67TE,5.42922950762763
1889,Moxley's Airport,4MD6,5.383690349673074
2533,Flying X River Ranch Airport,8TA3,5.37401234407157
3582,Liberty Hill Air Ranch Airport,XS12,5.370486819721962
2394,Atterbury Field (Camp Atterbury),11II,5.367728142961162
5300,Yonder Airport,NC65,5.349588645982009
5010,John's Airport,12MI,5.335965681204536
2758,Little Hands Airport,59CA,5.275273196187586
4587,Wells Airport,VA56,5.258968427125618
3623,Hornell Municipal Airport,K4G6,5.245110272844415
5220,Ardell Flying Field,VT59,5.2087530205646875
4722,Briggs Airport,OR44,5.175814756552294
2143,Montezuma Airport,19AZ,5.17453947940443
3851,Eagle Landing Airport,61TA,5.15330851051544
1667,Reading Airport,MI76,5.128132368652766
3573,Kewanee Municipal Airport,KEZI,5.122221786727109
4706,Heckler Field,CT09,5.077511349721538
2337,Peterson Field,15WI,5.058769741320896
4859,Logan's Chance Airport,57OI,5.051722899343638
4132,Binzel Airport,WI95,5.018826728404593
3834,Indian Springs Ranch Airport,7XS7,5.01870034312584
2869,Corning Painted Post Airport,K7N1,4.9943787827787745
2257,Weiss Farm Airport,JY24,4.977326793126223
4822,Untied Acres Airport,IS83,4.968926458592099
3428,Ozaukee Airport,9WN3,4.966789749811097
328,San Nicolas Island Nolf Airport,KNSI,4.957725448237172
2918,Scribner State Airport,KSCB,4.951692718435805
3208,Buffalo Creek Airport,4NC8,4.929457677613601
1086,Breeden Airport,AK05,4.913736263736263
4368,Woodford Airfield,4NK4,4.854452235880497
2277,Skylark Airport,CA89,4.826375856138053
3181,Stupek Farms Airport,8WI8,4.82535320278532
3158,Dixon Municipal Charles R. Walgreen Field,KC73,4.819846225740763
5312,Sybert Farm Airport,40TE,4.812481591650652
2368,Baker & Hall Airport,77CL,4.8016813209580445
724,Restoration Ranch Airport,70XS,4.734049939330626
1416,David Wine's Airstrip,62FL,4.693239720168486
4171,The Funny Farm Airport,FD03,4.691302933811362
1029,Thurber Lake Airport,24TX,4.681745644290833
4284,Boondox Field,1LL0,4.648551828349753
2443,Zitone Airport,NJ98,4.6303134327627715
4709,Beiter Airport,96VE,4.545005862671461
2994,Deshka Landing Airport,3AK1,4.530893723542646
2515,Mille Lacs Lake Resort Airport,7MN4,4.514410108125312
4423,Gable Branch Airport,5GA0,4.497467771063674
3252,South Haven Area Regional Airport,KLWA,4.494077201331256
2891,Sneek Airport,2IL0,4.476289126569651
4116,Rutherford County Marchman Field,KFQD,4.466420488187079
3189,Sugar Creek Air Park,II13,4.452117325380816
3690,Walker Field,GA90,4.412108744107451
4779,Warren Field,KOCW,4.402263592538115
4030,Granite Mountain Lodge Airport,CO11,4.351182312795259
3643,Bass Field,02AL,4.335864718558083
4601,Tinsley Airstrip,MD17,4.292102041177465
2589,Bronson Airport,II93,4.286542956582316
3787,Waldron Airstrip,90WA,4.27778473737195
3526,West Side Field Station Airport,7CA6,4.27037170167369
888,Roberson Airport,IN80,4.268400276011402
3092,Polk Ranch Airport,XS08,4.264511966779148
4546,Canton Hackney Airport,K7F5,4.254923395169793
1680,Creager Airport,3OH7,4.246043673939995
4104,P K Airpark,K5W4,4.229838020138348
2315,Pilots Rest Airport,AZ57,4.205937472108129
1970,Fall Creek Air Ranch STOLport,52TS,4.189894583377907
2037,Fowler's Airport,90CA,4.173011893200657
5380,Raeford Rhyne Airpark,NC15,4.1442095277884725
5112,Bellmore Farms Airport,1CO3,4.141738613549711
4185,The Duchy Airport,5NC5,4.0653061054499195
2724,Hoffman Private Airport,0CA5,4.037172117615628
3830,Chambers Island Airport,30WI,4.030924039842038
3968,Crosswinds Airfield,TE96,4.028419879213521
4091,Mc Entire Airport,5TS4,4.009956548888695
5190,Pleasant View Ultralightport,52MO,3.988235956604881
4238,Tucker Farms Airport,74IN,3.955672721536824
2733,Mark Franz Private Strip,6CL6,3.9552987677496487
634,Reider Ranch Airport,CA75,3.9505862494248607
4267,Hall Field,32NC,3.9262463490878874
1666,South Point Airport,95FD,3.9087010209655624
3373,Bonny Doon Village Airport,CL77,3.881772193482754
2839,Hayenga's Cant Find Farms Airport,00IS,3.8609189278319604
1921,Milburn Airport,24OH,3.849667771031741
4124,Wiley Updike Airport,72IS,3.8354207002513263
2879,Horning Airport,OH21,3.828994888948298
3285,Drake Airport,49IN,3.820477831289418
4777,Amanda Airport,OH61,3.755348755662249
2092,McMillan Assault Strip,CA62,3.7279487337771124
3861,Sleepers Strip Airport,6AK2,3.7087010729353365
5272,Harris Airport,8NK3,3.7049594972573963
4688,Martin Field,K7K8,3.691062547863752
1899,Mojave Airport,KMHV,3.6668902593098993
2532,Thayer Aviation Airport,53CN,3.637954247008172
2591,Cumberland Valley Airstrip,PA66,3.602977238086009
1989,Victory Field,2OA4,3.6028367944188173
4164,Sutliff Private Airport,33PA,3.5984944226117994
783,Montgomery Ranch Airport,FA64,3.5729820160634524
2283,Bradford Regional Airport,KBFD,3.5051961503361055
3793,Table Mountain Field,5CL9,3.503606349748407
1375,Peterson Airport,CA17,3.4681845897809014
4714,San Manuel Airport,KE77,3.452936430802823
3998,Ttt Air Airport,6NK4,3.4463873825324356
2013,Gentry Airport,FD37,3.426578118185955
5012,Christman Field,CO55,3.4055004492719627
5251,Robbins Field,K20A,3.35339334622007
4597,Lake Village Municipal Airport,KM32,3.335763371110183
4154,Spencer Field,2MS8,3.2770074621085037
4556,Panola County Airport,KPMU,3.264659085946933
2643,Skylark Airpark,K7B6,3.2244830284316413
2847,Bee Creek Airport,34TE,3.1721656228170687
4539,Boswell Airport,24CL,3.1681011949613884
2949,Rockey's Air Strip,II10,3.120139017574803
4399,Carlin Bay Airport,ID43,3.0988801367825456
3121,Cherokee Strip,1AR5,3.0911160120674865
4980,Aerie Airport,1GA9,3.072080248636842
679,Maurice Dauwe Farm Airport,XS47,3.065917407486061
4935,Anthonson Airport,NY28,3.0556030586019336
621,Omni Airpark,6NY2,3.0238578658358697
4375,Lyall-Roberts Airport,37CL,3.0215788468696103
3260,Shields Airport,AL55,3.0063663759286436
2465,Last Chance Ranch Airport,3FD0,3.003101154894369
3468,Tishomingo Airpark,K0F9,2.997614615125412
3685,Clapper Airport,53IL,2.920415767879781
3825,Chenango Bridge Airport,1NK8,2.9191132375501545
4445,Pilot Butte Airport,8OR5,2.9181182396738925
3032,Donner Field,OH28,2.8778615440939923
3988,Woodstock Airport,FL86,2.8626851573486993
532,Ells Field Willits Municipal Airport,KO28,2.8576287183487405
3518,Bluebird Airport,IG03,2.8342091386856008
4325,Harry's Field,MI82,2.8145175374725993
4881,Northeast Florida Regional Airport,KSGJ,2.809665100062387
4093,Four Pillars Airport,AZ21,2.8095807366165975
4766,Dirt Dobber's Grass Strip,NC97,2.8031305781070737
1107,M. Graham Clark Downtown Airport,KPLK,2.792862773734021
2897,33 Strip,CA54,2.7915579911035873
1919,Humm Airport,06IL,2.7569868888314324
2704,Strip in the Woods Airport,18NY,2.7550643148955287
3236,Elm Creek Airpark,0TX6,2.7363825678496276
2369,Running M Ranch Airport,09TE,2.7072150769865044
4433,Cajun Hills Ranch Airport,4XS9,2.701748077077025
2612,Santa Fe River Ranch Airport,FA62,2.688935549289606
5011,Odom's Flying Service Airport,50FL,2.6791231212576383
2150,Galion Municipal Airport,KGQQ,2.6416383269107326
1873,McCabe Ranch Airport,2CL2,2.6399985103973775
2544,Ori Airport,WI86,2.623538950968817
3254,Swanson Field,MY95,2.6193136936616233
2570,Buena Vista Farm Airport,OA12,2.590951719312688
3229,Berlin Station Landing Strip,OH57,2.583748312073103
5184,Hostetler Airport,0PA6,2.579216874549671
541,Flying T Ranch Airport,CA76,2.5775338131542194
4208,Kepes Flying Field,1OA4,2.572266334608046
2759,Heineck Farm Airport,76WA,2.563371670844089
2572,Fox Field,34PN,2.5364158399819368
4780,Willow Springs Ranch Airport,1AZ8,2.522600390177921
4523,Big Cypress Airfield,59FD,2.51041441933754
5146,River John Airport,3AK9,2.5
1763,Meyer Riverside Airpark,OG34,2.490792021148212
3586,Wolf Lake Airport,4AK6,2.478077478077478
3251,Mills Ranch South Airport,3FL5,2.4747755526331514
4210,Ware Airport,MA53,2.454579598778807
1964,Bob Paul Airport,FL88,2.4392438859622207
861,Bean Lake Airport,8MO7,2.412482067121574
3882,Chandelle Airport,SC72,2.4106034251087194
4438,Eagle Roost Airpark,27AZ,2.4094521545700505
4797,Wamego Municipal Airport,K69K,2.4043348861283644
3770,GAA Private (Abels Island) Airport,IA23,2.3910297632438495
4356,Gold Mine Field,97PN,2.3636898493602794
866,Simonson Field,80CO,2.3462091027870997
1505,Chapman Ranch Airstrip,58AZ,2.3391509372742796
4170,Johnsons Airport,DE09,2.3315024250003966
5185,Southeast Greensboro Airport,K3A4,2.290139695769429
2795,Holtsmans Airport,CA16,2.2773253232259303
3925,Marr Field,0OR7,2.264438579746265
4319,Upshur County Regional Airport,KW22,2.2629700517170117
1448,Charles G. Kalko Airport,7PA3,2.246093550646325
4872,Chandler Airport,3MD9,2.2390279704882734
2565,Golden Harvest Flying Svc Inc Airport,FL06,2.230869656002834
4350,Mc Gill Airport,18II,2.226058662690408
5219,Vaughan Airport,00VA,2.2204710489845305
2894,Santa Ynez Airport,KIZA,2.217833553136549
1081,Searchlight Airport,K1L3,2.2120426341634656
2940,Valkaria Airport,KX59,2.205500785479794
2638,Ribbon Ridge Airport,73OR,2.190036286096643
1798,Ellis Fly-In Airport,06IN,2.1666666666666665
5009,Westerly State Airport,KWST,2.106745974401176
380,Atkins Ridge Airport,WI43,2.1025680444945314
4401,Al's Field,48VA,2.0934192962031677
3456,Olmstead Sky Ranch Airport,ID25,2.0710320299528537
2769,Carter-Norman Airport,TA87,2.05931349114202
3194,Flat Bush Airport,XA99,2.05931349114202
4033,Chris Hofer Landing Strip,3SD4,2.0384782932266603
3056,Greenville Downtown Airport,KGMU,2.020606993019162
4048,The Wright Place STOLport,4FD3,2.006726457399103
4741,Mountain Home Municipal Airport,KU76,1.9733694671271422
4589,Payette Municipal Airport,KS75,1.9733694671271422
513,Aaron's Field,14NE,1.9467087324206014
5149,Moretz Riverside Landing Airport,NC00,1.9299245228001707
2715,Field's Field,7TA0,1.9262942446784188
1952,Farnsworth Ranch Airstrip,35CN,1.9080199961699231
966,Parowan Airport,K1L9,1.8829153469100117
5045,The Landing Airport,NJ50,1.8621042775125334
3878,South Oaks Aerodrome,NC47,1.8543404330747975
2789,Thompson Airport,WA61,1.8401746961658603
1853,Colorado Antique Field,8CO7,1.7944631725936744
4911,Bernie's Airport,OA10,1.7941480875215015
2538,Tri Cities Airport,KCZG,1.7889256237941118
2815,Riordan Airport,43MO,1.762500737189882
2061,Dalrymples Airport,NK47,1.7565271249535959
1854,Krens Farm Airport,14VA,1.7473969707656318
3561,Gum Creek Airport,8GA1,1.743144951927647
5103,High Mesa Airport,23CO,1.7375320279461162
1319,Roberts Farm Airport,CT85,1.7287481160928226
3846,Bolinder Field Tooele Valley Airport,KTVY,1.7276695199934358
5187,Reed Airport,1CD1,1.705625015960286
3059,Wings Ago Airstrip,CT42,1.699141273920008
2059,Holiday Ranch Airport,27CA,1.6822998879967426
2021,Sudbury Airport,MA70,1.6744721618593912
3498,Pemberton Airport,3NJ1,1.6737345688269163
3569,Schurr Airport,IA21,1.670424421009104
2518,Shofner Farms Airport,2TS2,1.6457259519313854
5264,William Robert Johnston Municipal Airport,KM90,1.6451892320419812
3044,Chain Lakes Airpark,89IA,1.6352615602595044
3122,Smith Airport,79NY,1.6262848551698066
3691,Charles R Johnson Airport,KT05,1.6001220156087348
3343,Mcintosh Field,95GA,1.5934872491501797
1268,Plummer Airport,IN10,1.563508141556125
897,Skalicky Airstrip,4MN0,1.5584347129573655
2090,Bohunk's Airpark,0CL6,1.5554524783868826
2286,Pecan Plantation Airport,0TX1,1.5552953520548622
3659,Chadwick Airport,OR27,1.5333863851331195
4085,Eagles Mere Field Airport,40PN,1.523722924796168
2684,Ames Airport,21OG,1.5194768963778134
3216,Southeast Colorado Regional Airport,KLAA,1.5140297291340614
446,Meadow STOLport,07VT,1.483497254375837
2308,Davis Airport,67CL,1.481996348017515
3052,J & Y Ultralightport,9IS5,1.4546314025202474
2163,Emmett Municipal Airport,KS78,1.4460928615781203
4508,Smith Air Strip,25NC,1.4271235521235521
4314,Boeckmann Ranch Airport,26CA,1.3907598983653275
3588,Miss Kittys Strip Airport,OG44,1.3835504602928392
1624,Windy Knoll Airport,IN51,1.381788361263601
4194,Leavitt Airport,NH38,1.365470846941073
2420,Hop Brook Farm Airport,NJ72,1.349316406778571
2926,Gorman-Freeman Airport,66OI,1.3306512669140105
2746,George Airport,2LL9,1.3299197652102817
2716,Wilding Farm Airport,6WA5,1.3261778362414796
3697,Mapes Ranch Airport,5CL3,1.313629539113824
1351,Southerland Strip,FD92,1.3060081349061747
3615,Joseph Y Resnick Airport,KN89,1.2974727485896669
2242,Van Vleck Airport,57CN,1.2890509071091512
1937,Classic Landings Airport,05IL,1.2857787063625763
5318,Neversweat Too Airport,89OK,1.282128960153879
1940,The Ultralight Strip Ultralightport,4AZ8,1.268557486358848
4186,Mountain View Aerodrome,NC37,1.2456747704788498
4279,Hilliard's Private Airport,FD96,1.2306736037665842
4182,Flying Frog Field Airport,91GA,1.212564896920878
4739,Richland Airpark,1NY3,1.1953358584549878
3137,Harrington Ranch Airport,CO02,1.1943342474464334
2528,Hart Ranch Airport,5CL1,1.1855078150424656
2363,Bishop Airfield,1AZ0,1.1751824477761208
2584,Sky Valley Airstrip,WA68,1.1716354876928239
2508,Tenaja Valley Airport,2CN3,1.1695528385113492
2539,Cameron Ranch Airport,TE97,1.1636090399423427
2718,Shinn Bone Lane Airport,IN35,1.151597861478115
2702,B & M Ranch Airport,5WA2,1.1427161229838878
657,Dodge/Coppola/Wheeler Airport,NK53,1.1374817647567728
5122,Hall Airport,69MY,1.1339879205562335
1515,Southern Ranch Airport,2FA4,1.1261930136193892
4296,Tonopah Airport,AZ85,1.1198663131587554
2936,Kelch Airport,59OH,1.0828957521710287
5526,San Ardo Field,CA88,1.0597662111078971
4486,Harris Airport,93WA,1.04132962750124
977,Kastanek Airport,MY15,1.0389564753049103
5003,Richmond Executive-Chesterfield County Airport,KFCI,1.0315662033569466
5194,Windemere Airport,47NC,1.0261056127626478
5101,Lindsay Airport,0NC7,1.0240679594017894
4595,Blake Sky Park Airport,CA57,1.0233767863939538
3653,Circle T Airport,98GA,1.0175350125013145
2534,Eagle Ridge Ranch Airport,6CA6,1.0051656835013982
2571,Flying J Airport,IN61,1.000011205082284
1228,Fedor Airport,MY57,0.9978759858152269
4351,Jarrett Airport,5PN7,0.9881752153915815
4968,Lake Creek Ranch Airport,92CO,0.9760558837859614
5063,Brush Municipal Airport,K7V5,0.9483829174505579
4377,Williams Airpatch Airport,89WA,0.9371930333314991
4602,Thrifty Acres Airport,4IL3,0.9289072700234198
3086,Sunset Strip,OH07,0.9196595865155214
947,Goodyear Blimp Base Airport,64CL,0.9171593240885254
3088,Lada Airport,7MI5,0.9075598613487966
3191,Myers Farm Airport,7IN6,0.9049798193579728
2696,Unity Aerodrome,SC76,0.8996649531558891
2541,Yosemite Hidden Lake Ranch Airport,0CL0,0.8993927240954497
4647,Flying J Ranch Airport,2AL5,0.8906501137776619
4748,Morehaven Airport,MA43,0.8791560996835789
2590,Willis Airport,IS47,0.8616920098189362
3725,Stark Field,8TA7,0.8494252982413949
4759,Salty Approach Airport,FL90,0.8439206712121814
2050,Lazy W Airport,86CO,0.8393011010738733
4478,Rush Airport,35FD,0.8264433495542706
2124,Juniper Air Park,5OR5,0.8252166825034536
5410,Miller Farm Airfield,VT47,0.8220105849999552
5385,Oak Grove Marine Corps Outlying Field,13NC,0.8189476786752043
5291,Carl's Landing Airport,AK19,0.8086639523710462
4477,Tejon Agricultural Airport,97CA,0.8083146982564904
3992,Deck Airpark,NC11,0.8052306698506561
2954,Two J's Flying Ranch Airport,3FL1,0.7935988198569679
4606,C A G Farms Airport,87NC,0.7884784348108984
1979,Griffins Peace River Ranch Airport,FL00,0.7875624141929966
3862,Becker's Landing Airport,WN18,0.7805575668448594
3880,San Joaquin Airport,CA32,0.778417704241876
1721,Athanasiou Valley Airport,CO07,0.7646962178990178
2649,Glenmar Ranch Airport,UT41,0.7565002599931827
4172,Howell Airport,00WA,0.7550562088866911
1104,Mountain Top Airport,4PS4,0.7463339550418246
5173,Ridgeview Airport,55NY,0.7447248783900855
4599,Mj Aviation Ii Airport,SD00,0.7156986250660557
4894,Tallahassee Commercial Airport,K68J,0.7090044987235126
2967,Sky Island Ranch Airport,ID13,0.6980339999559014
2399,Thomas Flying Field,TX74,0.6873850737867769
4896,Hunter Airport,82IN,0.6830664507347622
4557,Traylor Tick Farm Airport,61TX,0.6666666666666666
4462,Sequoia Ranch Airport,CA44,0.6638067589335138
5209,Waverly Landing Airport,1GE9,0.6619986408116287
4767,Reeder Airport,9XS7,0.6555745548151042
553,Vieira Airport,8MN5,0.6547298141848
4804,Alpine County Airport,KM45,0.6424771699062906
4715,South Fulton Airport,89GE,0.6406288161935966
4422,Devil's Reach Landing Airport,11VG,0.628233129004126
2697,Oak Country Ranch Airport,33CL,0.6251449633640702
3178,Eastford Airport,5CT0,0.6203227509382352
4145,Dillenburg's Airport,8WI1,0.6000000000000001
5417,Blanket Bay Airport,6FD5,0.5995911407120378
1272,Deerfield Airport,8MD7,0.5971243030193273
4139,Sunset Airport,61NK,0.5763167977081027
4956,West Valley Airport,48WA,0.5759205785697288
5542,Dorlon Airpark,05OI,0.5736370026689565
4899,Flying E Airport,22CO,0.5652312923198921
5188,Propwash Airport,21NH,0.5636779880015018
2996,Gila Bend Air Force Auxiliary Airport,KGBN,0.5636705116409757
2057,Bacchi Valley Industries Airport,80CA,0.5632168197341233
4463,Easton/Valley View Airport,K11V,0.5602831567735436
3709,Cougar Flat Airstrip,WN24,0.5463318528118482
4640,Lake Viking Airport,1MO3,0.5416567907291987
2721,Blue Heron Field,WN49,0.5403089014327223
687,Cartwheel Airport,0CO8,0.5378103277060575
3362,Galloway Airport,2IN6,0.5374119975092841
3380,New Mexico Soaring Ranch Airport,NM61,0.5300486102760482
3130,Air Haven Airport,6PA6,0.5242900341138756
5156,B & B Boys Ranch Airport,3AK6,0.523995141470008
4392,Sequim Valley Airport,KW28,0.5184294556815309
3502,Casa De Aero Park Airport,68IS,0.5155262428441888
1775,A C Goodwin Memorial Field Gliderport,AZ86,0.5052827156635535
4261,Black'S Airfield,41ID,0.5
2175,Moore Airpark,TX54,0.5
2384,Rockys Place Airport,6TA2,0.49851815377342096
2386,Mc Kinney Field,OI57,0.462893298202943
4179,Yarrow Airport,28PA,0.4423615398922366
4275,Silver West Airport,KC08,0.4406009794442153
1032,Manzanita Airport,6CL4,0.4346325525259157
4831,Shepherd Farm Airport,0CA4,0.4253813515581636
1759,Draco STOLport,84PN,0.4029444960458136
4002,Biplane Ranch Airport,NM02,0.4005053073479167
3667,Naval Outlying Field Imperial Beach (Ream Field),KNRS,0.37822303069584257
3946,Bomar Field Shelbyville Municipal Airport,KSYI,0.37744783393084436
4921,Ervin Airfield,50NC,0.3731436911175372
1276,Windswept Airport,23NH,0.3500615557669509
5154,Morton Field Ultralight Flightpark,AZ00,0.34548109055922493
3070,Maple Ridge Airport,66NY,0.34364728710973763
2141,Crosswind Airfield,SN88,0.3333333333333333
2982,Weihler Airport,2LL2,0.3104593276775698
5086,Valle Airport,K40G,0.3057464043282918
2030,Las Serpientes Airport,CN19,0.30381860741770444
5129,Lake Ridge Aero Park Airport,8NC8,0.30324808671210196
2103,H Bar H Airport,NV09,0.301333129106836
3019,Thomas Browne Airpark,61NJ,0.3006176127681425
5049,Alpena County Regional Airport,KAPN,0.2917680821840254
3631,Derry Landing Strip,1OH7,0.28911372164221216
1628,Jolamtra Landing Area Airport,23NY,0.2890174891918797
2963,Fiorini Ranch Airport,0CN1,0.27905287900736636
4590,Williams Ranch Airport,1CO2,0.27651792627601873
3273,Sherman-Private Airport,MA63,0.2680282682423594
4371,Stuart Island Airpark,7WA5,0.2598811832687478
3100,Hill Top Airport,JY43,0.2530856755147942
972,McGregor Executive Airport,KPWG,0.251984126984127
2619,Barcus Field,95OK,0.2501580766144268
4202,Rock Creek Farm Airport,ID23,0.2361321127370022
4317,Elk Hills Buttonwillow Airport,KL62,0.23565781230578595
2388,Loma Madera Ranch Airport,25CA,0.22966078339108534
4582,Roberts Airport,32II,0.22343451978647397
5299,Boomerang Airport,NC02,0.2091512212519474
4190,Lux Field,25CD,0.20114307768195053
5386,Bergseth Field,WN76,0.2
3536,Mills Brothers Airport,05PS,0.19645843517062642
3679,Mount Hawley Auxiliary Airport,K3MY,0.19203568792413775
881,Nikolai Creek Airport,9AK3,0.19105691056910568
5119,Borrego Air Ranch Airport,58CL,0.1899238411970813
3453,G3 Ranch Airport,63CL,0.1885853689347857
4583,Martins Airport,21MO,0.18582327529130876
3926,Riconn Airport,RI11,0.1848679120219324
5096,Braun Airport,32CO,0.18133966387244518
350,Rancho Tehama Airport,49CN,0.1748136442142317
885,Sanders Gyroport Airport,IN88,0.17341932586283568
2934,Bat Cave Field,TS55,0.1730825218780271
2884,Flying B Farm Landing Strip,92NJ,0.16822382369953456
2974,Windsock Airport,4WA4,0.16047354317674245
4326,Beaver Creek Airport,88GA,0.15952032389030152
4151,Flying B Ranch Airport,CN38,0.1533498635152025
1282,Friends Ultralightport,MA07,0.15247490838922664
5110,Winchell Mountain Airport,41NK,0.14987447349189476
3941,Tracy Field,4NK2,0.14933779987759715
3859,Old Aerodrome,9CL7,0.1483813825749964
3322,Milan Airport,MI09,0.14400876558799625
3612,Caledonia County Airport,KCDA,0.14354231569082673
2434,AK-10 Airstrip,AK10,0.14285714285714285
5273,Flying M Airport,CA03,0.14143803112953826
4851,Shaull Farm Airstrip,48CO,0.1402795767900145
1113,Peg Field,42CN,0.13741357899373613
3515,Green Acres Airport,ID68,0.1359447004608295
2681,Flying G H Ranch Airport,9TE7,0.13402558302284484
2385,Sanderson Field,KSHN,0.1312309390994665
4407,Wonderful Pistachios & Almonds Airport,2CN4,0.12470344595232608
4949,Hadley Airport,03MA,0.1173844537815126
4603,Williams Field,11FL,0.11716506664134528
1583,Indian Hammock Airport,FL75,0.11652951282564952
4860,Owl Canyon Gliderport,4CO2,0.10971551307497479
1661,Erroport Airport,OK13,0.10894429247075187
3391,Flying Bull Airport,CN44,0.10852336363507044
4421,Flying Cal Ute Rancheros Airport,UT15,0.1069725247335716
2640,Zips Airport,63GA,0.09931187921739171
1536,Marshdale STOLport,CO52,0.0969100851722803
4412,Conover Air Lodge Airport,02CL,0.09616449378826007
3865,Bero Field,30OR,0.09043453682825851
3442,Matejka Field,NK54,0.08309718427908573
2370,Crystal Airport,46CN,0.07646381421709177
670,Jones Field,KF00,0.06666666666666667
3820,Yolo Ranch Airport,33AZ,0.06653662115680392
1966,Newport Woods Airport,9MI2,0.059846643003867994
2472,Westtown Airport,1NK5,0.058823529411764705
4211,Gillette Field,OR51,0.057482863273764055
3482,Safer Airport,2CD6,0.05710017627522549
4370,Kilpatrick Farm Airport,6FL2,0.04952094251804957
3512,Myer Airport,6PA0,0.04775279231827411
3634,Olympic Field,WA45,0.04150475651950484
3483,Echo Bay Airport,K0L9,0.039813042783732114
5133,Ukiah Municipal Airport,KUKI,0.030626311904267726
1409,Forever Florida Airport,31FL,0.026906743829024932
1188,Wilkes County Airport,KUKF,0.020177308269798723
4661,St George Regional Airport,KSGU,0.019671482816033953
5365,Avenal Gliderport,CA69,0.012842426896143807
608,Yucca Valley Airport,KL22,0.008838768751860002
836,Sixmile Lake Airport,AA06,0.006666666666666667
5018,Voges Airstrip,89IS,0.0
5450,Knollwood Farm Airport,93MD,0.0
4671,Sunrise Dusters Airport,64CN,0.0
5427,Bradley Field,NC29,0.0
5426,Hill Top Private Airport,OK08,0.0
5425,Lyons Landing Airport,5GA2,0.0
4684,Granite Shoals Bob Sylvester Airpark,32TE,0.0
5424,Eglin Test Site B6 Airport,FL34,0.0
5423,Trowbridge Farms Airport,8MI0,0.0
4687,Warbonnet Ag Strip,NE39,0.0
5422,Dunroamin Farms Airport,76NC,0.0
5421,Marchmont Plantation Airpark,6NC8,0.0
5419,Scheller Airport,62NJ,0.0
5418,Turkey Creek Airport,AL16,0.0
5416,Edgar County Airport,KPRG,0.0
5413,Warsaw Municipal Airport,KASW,0.0
4695,Eagle Nest Ranch Airport,OR65,0.0
4696,Donica Field,IN99,0.0
5412,Martin Airport,IL64,0.0
5411,Hudson River Landing Airport,33GA,0.0
4697,Bakersfield International Airport,KL45,0.0
4698,Flying Diamond Airport,6AZ8,0.0
4699,Rice Lake Municipal Airport,KRIE,0.0
4700,Roesner Ranch Airport,AZ32,0.0
4702,Woodbine Airport,MD78,0.0
5409,Kings Field,21FL,0.0
4703,Kentland Municipal Airport,K50I,0.0
5408,Edinburgh Airport,EGPH,0.0
5428,Saline Airport,68MI,0.0
5429,Carter Ranch Airport,89TS,0.0
5430,Piney Ridge Airport,NC42,0.0
5441,Sugar Hill Airport,DE17,0.0
5449,Middle Peninsula Regional Airport,KFYJ,0.0
5448,Spiering Airport,8MD4,0.0
5447,Frager Field,0NE6,0.0
4672,Whites Airport,3IA1,0.0
5446,Mazza Airport,VA73,0.0
5445,RDH Farms Airport,LL33,0.0
4674,Sweetbriar Airport,83OK,0.0
4675,Gator Airpark,72FL,0.0
5444,Saw Whet Farms Airport,6FL9,0.0
5443,B S Ranch Airport,7MO3,0.0
5442,Canyon Lake Airport,34TS,0.0
5440,Boyd Field,NC49,0.0
5431,Carl R Keller Field,KPCW,0.0
4678,Volk Field,KVOK,0.0
4679,John D Rennick Airport,IS62,0.0
5438,Crosbyton Municipal Airport,K8F3,0.0
4680,Ahlem Farms Airport,CL84,0.0
5437,Lockett Airport,29TX,0.0
5436,Buttonville Municipal Airport,CYKZ,0.0
5434,Brooks Ranch Airport,IL46,0.0
4682,Merrimac Farms Airport,68NY,0.0
4683,Hi-Vu Airport,PA65,0.0
5433,Jecan Airport,06CO,0.0
5432,Lowe's Airport,FA77,0.0
4670,North Plains Gliderport,1OR4,0.0
4616,Hepler Airport,43IN,0.0
4669,Spectre Airport,XA07,0.0
4668,Leaders Clear Lake Airport,K8Y6,0.0
5532,Worrell Airport,6TS1,0.0
5533,Abernathy Field,KGZS,0.0
4568,Links Airport,MD88,0.0
5534,Flint River Ranch Airport,3AL8,0.0
5535,Orleans Airport,K7I4,0.0
5536,Ball Airport,79NC,0.0
4566,Risker Field,3PS9,0.0
5537,Gar Field,7NY1,0.0
5538,Buds Landing Airport,10WI,0.0
5539,Robinson Field,8IN2,0.0
5540,Lazy 9 Ranch Airport,TX64,0.0
4564,Triple S Ranch Airport,82WI,0.0
5541,Round Mountain Ranch Airport,CA09,0.0
4562,Mc Coy Airport,88PA,0.0
5543,Houston County Airport,KCHU,0.0
4560,Habermel Airport,IN44,0.0
5544,Folsom Airport,NJ52,0.0
4559,Pherigo Airport,IN49,0.0
5545,Poverty Hollow Airport,OG23,0.0
5546,Christensen Bros Wahluke Strip,91WA,0.0
5547,Warren Grove Range Airport,NJ24,0.0
5531,Kalt Ranch Airport,9TE5,0.0
4571,Morkassel Field,8OI9,0.0
4572,Curtis Airport,NY62,0.0
4580,Homeport Airport,11WA,0.0
5514,Pine Bluff Airport,WA23,0.0
5515,Soldotna Airport,PASX,0.0
5516,Kitchens Field,4GA7,0.0
5517,Greensfield Airport,KM71,0.0
5518,Oink Acres Airport,17LL,0.0
5519,Hicks Airport,7TS4,0.0
4584,River Run Ranch Airport,OR02,0.0
5520,Flying W Ranch Airport,04AA,0.0
4581,Rainbow's End Airport,JY39,0.0
5521,Gallup Farm Airport,CT32,0.0
5530,Flying W Airport,4VA3,0.0
5522,Hay Shakers Airport,MY46,0.0
5523,Meadors Field,II82,0.0
5524,Aransas County Airport,KRKP,0.0
5525,Vantage View Airport,7CO6,0.0
5527,Southern Comforts Aerodrome,61NC,0.0
5528,Cielo Grande Ranch Airport,87TA,0.0
5529,Hodges Airport,II55,0.0
4574,London Airport,CYXU,0.0
4573,Comanche Livestock Airport,59CO,0.0
4554,Hastings Municipal Airport,KHSI,0.0
4553,Kelgun Airport,4CO8,0.0
5548,De Ronda Airport,3NY3,0.0
5567,Hinson Airport,32TX,0.0
4531,Routh Airport,9IL2,0.0
5562,Bar S Ranch Airport,9TX1,0.0
5563,Valley City Flying Club Airport,78OH,0.0
4529,Wilhelm Airport,6NC2,0.0
4528,Wilder Airport,K6E5,0.0
5564,Mark Twain Air Park,4MO6,0.0
5565,Casey Field,TE06,0.0
4525,Corpora Airport,1TE5,0.0
5566,Grells Airport,6OR0,0.0
5568,Foote Airport,3IS7,0.0
5561,Paddock Field,41WI,0.0
5570,Warner's Airport,20OR,0.0
4519,Grayce Farms Airport,PA82,0.0
4518,Bromont (Roland Désourdy) Airport,CZBM,0.0
5571,Abi Airport,AK46,0.0
5572,Morgan County Airport,KI71,0.0
4516,Kuebler RLA Restricted Landing Area,4IL4,0.0
5573,Cross Wind Acres Airport,TE47,0.0
5574,Isbell Ranch Airport,14XS,0.0
5575,Alfred C 'Bubba' Thomas Airport,KT69,0.0
4532,Timber Ridge Airpark,VA46,0.0
5560,Greensboro North Airport,36NC,0.0
5549,Alaska Airpark,AK01,0.0
5555,South Bimini Airport,MYBS,0.0
4551,Long Meadow Airstrip,TN65,0.0
5550,Lewis Air Service Airport,0MS5,0.0
5551,Gaffney Airport,46SC,0.0
4549,Logue Airport,PA45,0.0
5552,Gary's Airport,5XS4,0.0
5553,Potts Field,0WN5,0.0
4547,Wichita Valley Airport,KF14,0.0
5554,Pine Island Airport,1FA3,0.0
4545,Clements Airport,4MD4,0.0
4543,Log Cabin Airport,WS69,0.0
4533,Nobuzzn Airport,8TN5,0.0
4542,Cribbet Airport,1IS3,0.0
5556,John B Connally Ranch Airport,8TA0,0.0
4541,Weller Airport,MI78,0.0
5557,St John Airport,4MD9,0.0
4537,Lanseair Farms Airport,MD97,0.0
4536,Taylor Airport,VT39,0.0
4535,Tobías Bolaños International Airport,MRPV,0.0
5558,Etter Airport,II19,0.0
5559,Lee Airport,SD83,0.0
5513,Aero-Plain Airport,MN98,0.0
4592,Gerig's Field,2IN2,0.0
4593,Vodden Airport,IS15,0.0
5476,Tom N' Jerry Airport,NK05,0.0
4648,Steep Head Farm Airport,FL15,0.0
5468,Perry Park Airport,CO93,0.0
5469,Putty Ranch Airport,TA78,0.0
5470,Sugar Creek Airport,58AR,0.0
4644,Minnesuing Airport,WI31,0.0
5471,Llano Municipal Airport,KAQO,0.0
5472,J. H. Hendrie Farms Airport,08FL,0.0
5473,Lindys Airpark,7CO3,0.0
5475,Oakesdale Airport,75DC,0.0
5477,Sunset Air Strip,1OR3,0.0
5466,Belfair Airport,DE32,0.0
5478,Solenberg Airport,II97,0.0
5479,Skylark Airport,XS34,0.0
4636,Houghton County Memorial Airport,KCMX,0.0
4635,Melon Field,1CO5,0.0
5480,W4 Ranch Airport,84TE,0.0
4633,Carmi Municipal Airport,KCUL,0.0
5481,Waterloo Airport,CYKF,0.0
4631,West Fargo Municipal Airport,KD54,0.0
4630,Roadcap Airport,37PA,0.0
5467,Cannon Aviation Airport,6XS5,0.0
4650,Kamm Airport,4IS1,0.0
4627,Airscrew Performance Flightpark Ultralightport,AZ79,0.0
5457,Lincoln Farms Airport,5PN8,0.0
5452,Sheppard Air Force Base / Wichita Falls Municipal Airport,KSPS,0.0
4666,4 Winds Aerodrome,IN45,0.0
4665,Rexroad Airport,WV47,0.0
4664,Larkin Airport,06ID,0.0
4662,Gower Field,6WA2,0.0
4660,Cotton Strip,17FA,0.0
5453,Hartselle-Morgan County Regional Airport,K5M0,0.0
5455,Mckey Airport,0OK1,0.0
5456,Stoneriver Airport,NC09,0.0
4656,Hermitage Airport,45CN,0.0
5465,Markle Airport,2NJ6,0.0
5458,Eastland Municipal Airport,KETN,0.0
5459,Comanche County City Airport,KMKN,0.0
5460,Deerfield Landing Airport,54GA,0.0
5461,Eastern Slopes Regional Airport,KIZG,0.0
4653,Hurst Airport,69PA,0.0
4652,Circle P Ranch Airport,41TA,0.0
5462,Egolf Airport,2PA7,0.0
5463,Mock Airport,3NJ5,0.0
5464,Pippen-York Ranch Airport,TX41,0.0
4629,P & R Airport,8NE2,0.0
4626,Akroville Airport,XA68,0.0
5512,Broad River Air Park,3GE3,0.0
4608,Cherry Field,2MD6,0.0
4614,Abbott Airport,VG58,0.0
5501,Guntersville Municipal Joe Starnes Field,K8A1,0.0
4613,Mid-Valley Dusters Inc Airport,43TX,0.0
4612,Shoshone County Airport,KS83,0.0
5502,Skid Marks Airport,AK67,0.0
5503,Cedar Valley Airport,UT10,0.0
5504,Ward Ranch Airport,0CA8,0.0
5505,Hancock Airport,4TX5,0.0
4610,Air Sailing Gliderport,NV23,0.0
5506,Northway Airport,NY97,0.0
5499,Ray Farm Airport,1TE7,0.0
4607,Anderson Airport,SC80,0.0
4605,Delaware Coastal Airport,KGED,0.0
5507,Mountain Hide-Away Airport,3PS4,0.0
5508,Wakefield Municipal Airport,KAKQ,0.0
4600,Sunrise Skypark Airport,ID40,0.0
5509,Reward Ranch Airport,TA22,0.0
5510,Riner Farm Airport,0TN6,0.0
5511,High Ridge Association Airport,97AK,0.0
4596,Lance Airport,9PA0,0.0
5500,Smith Field,01TE,0.0
5498,Branning Field,PN33,0.0
5482,Gorman Airport,0TE6,0.0
5489,Grandcraft Landing Strip,OK30,0.0
5483,Cabin Creek Landing Airport,97MT,0.0
5484,Frerichs Airport,AL10,0.0
4625,Cromwell Farm Airport,MD63,0.0
4624,Silver Creek Airport,NC52,0.0
4623,Bel-Voir Acres Airport,MO61,0.0
5485,Pabst Blue Ribbon Airport,PN16,0.0
5486,Old Forge Airport,NK26,0.0
5487,Downsview Airport,CYZD,0.0
5488,Mansonville Airport,CSK4,0.0
5490,Tara Airbase Airport,5NC1,0.0
5497,Eagle Airport,TA51,0.0
5491,Brooklyn Airport,0VI1,0.0
4621,B J Farms Airport,NJ06,0.0
5494,Flying C Farms Airport,6KY3,0.0
5495,Millard Airport,4PA0,0.0
4619,Kings Airport,30PA,0.0
4618,Kay Field,61II,0.0
4617,J & S Field,12IN,0.0
5407,Tejgaon Airport,VGTJ,0.0
5496,Bird Nr 2 Airport,ID19,0.0
4704,Timber Trails Airport,II25,0.0
4791,Bryant's Landing Airport,TS03,0.0
4705,Adkins Restricted Landing Area,8IL0,0.0
5155,Strader Ranch Airport,OK62,0.0
4927,Flying R Airport,PN35,0.0
5147,Peru Municipal Airport,KI76,0.0
5150,Winchelsea Airport,8NJ0,0.0
5151,Baylie Airport,66XS,0.0
4920,Ferros Ranch-Aero Airport,0MO0,0.0
4919,Lobo Mountain Ranch Airport,TE21,0.0
4918,Bishop's Landing Airport,89MO,0.0
4917,Gillen Airport,36IS,0.0
4915,Rucker Airport,SN34,0.0
5152,Hardy Airport,05IS,0.0
4914,Dysinger Airport,MI47,0.0
5157,Lee Farms Airport,FL80,0.0
4906,Tillar Airport,5AR1,0.0
4912,Hollandale Municipal Airport,K14M,0.0
5158,Holmes Southeast Airport,3IS5,0.0
5159,Big River Airpark,5AL5,0.0
4910,Maxson Airfield,89NY,0.0
5160,Hennessy Airport,26FD,0.0
5161,Kalamazoo Battle Creek International Airport,KAZO,0.0
5162,Capital City Airport,KLAN,0.0
5163,Suvarnabhumi Airport,VTBS,0.0
4907,Meadow Creek Airport,2IL9,0.0
5164,Burnham Field,6CO1,0.0
5165,Huntington Municipal Airport,KHHG,0.0
5144,JJ & PK Airport,PA08,0.0
5142,Cherokee Trail Ranch Airport,2CO1,0.0
5140,Horth Strip,CO77,0.0
4932,The Farm Airport,62CO,0.0
5115,Memory Lake Airport,5AK8,0.0
5117,Justover Field,NV44,0.0
5118,Freeflight International Airport,2FA6,0.0
5120,Dos Palos Airport,28CA,0.0
4943,Sam's Field,6PN5,0.0
5121,Eagle's Nest Airport,3KY7,0.0
4942,Air Estates Inc Airport,LL09,0.0
4940,Bee Field,24CT,0.0
4939,Church Hill Airport,MD62,0.0
5124,Alford A. Bratcher Airport,5OK8,0.0
5125,Brownsville South Padre Island International Airport,KBRO,0.0
5126,Eldon Model Airpark,KH79,0.0
5127,Conrads Airport,19KY,0.0
5128,Yuknis Airport,23AK,0.0
4937,Jake's Field,5KY6,0.0
5130,Cooper Airport,05IN,0.0
4936,CFB Trenton,CYTR,0.0
5131,St. Joseph'S Landing,91KS,0.0
4934,Timber House Airport,31IN,0.0
5135,Woodstock Airport,CPR5,0.0
5137,Stolcrest STOLport,MD75,0.0
5138,Dennis Ranch Airport,7OK0,0.0
5139,Gila River Memorial Airport,34AZ,0.0
5167,Arant Airport,1NC6,0.0
4905,Tigerbird Field,2TS3,0.0
5114,Torres Airport,MT18,0.0
5195,Dyersville Area Airport,IA80,0.0
4882,Flying Dare's Ranch Airport,26AZ,0.0
4880,Linz-Hörsching Airport / Vogler Air Base,LOWL,0.0
4879,Vinduska Airport,7AK9,0.0
5189,Syvrud Airport,7WI5,0.0
4876,Bagdad Airport,KE51,0.0
5191,Northwood Airport,2MO2,0.0
5192,Summey Airpark,8NC2,0.0
4874,Duane E. Davis Airport,26IL,0.0
4873,Wingfield Airport,MD01,0.0
4871,Bates Airpark,9NE6,0.0
5193,Jacksonville Naval Air Station (Towers Field),KNIP,0.0
5196,Mid-Carolina Regional Airport,KRUQ,0.0
5169,Albertville Regional Airport/Thomas J Brumlik Field,K8A0,0.0
5197,Mountain View Airport,14NK,0.0
4869,J-Em Farm Airport,82OI,0.0
4868,McGahan Industrial Airpark,AK73,0.0
5199,Dave's Aerodrome,7NJ9,0.0
5200,Richards Airport,GA44,0.0
5201,Baney's Airport,90PN,0.0
4866,Stro's Airport,AK54,0.0
4865,Scanlon Airport,15ID,0.0
5202,Hecklers' Strip,2WI7,0.0
4864,Machado Dusters Airport,CA05,0.0
5203,Melanie's Airport,05FA,0.0
4883,Ken Jernstedt Airfield,K4S2,0.0
4884,JGSDF Kisarazu Airfield,RJTK,0.0
4885,Kerry Airport,EIKY,0.0
4886,Vnukovo International Airport,UUWW,0.0
4904,Gehris Airport,39PA,0.0
5171,Pike River Landing,79MI,0.0
5172,Oaks Airport,TX24,0.0
4903,Hulett Landing Strip,VT60,0.0
4902,Concord Airpark,K2G1,0.0
4901,Nelson Airport,59NE,0.0
5174,Monticello Regional Airport,KMXO,0.0
5176,J F Ranch Airport,62XS,0.0
4898,Morris Airport,CD13,0.0
4897,Guaymaral Airport,SKGY,0.0
5177,Wagner International Airport,OI06,0.0
5178,Moron Air Base,LEMO,0.0
4895,Greenwoods Airfield,VT38,0.0
5179,Barlet's Base Airport,MO33,0.0
5180,Richmond County Airport,KRCZ,0.0
5181,Toddsbury Farm Airport,25VA,0.0
5182,Hangar Haciendas Airpark,AZ90,0.0
5183,Woodlake Landing Airport,IS65,0.0
4892,Ljubljana Jože Pučnik Airport,LJLJ,0.0
4891,Turners Falls Airport,K0B5,0.0
5186,Stone Field,44TN,0.0
4889,Francisco de Sá Carneiro Airport,LPPR,0.0
4887,Sanford Field,VA23,0.0
4946,Drummond Airport,DE11,0.0
4948,La Mesa Park Airport,NM67,0.0
4862,Stone Land County Airport,36CA,0.0
4995,Dileo Field,6MD1,0.0
5001,Mustang Field,0GA1,0.0
5050,Heritage Airport,NV42,0.0
5000,Blue Ridge Skyport Airport,57GA,0.0
5051,George P Shanks Airport,54TA,0.0
4999,Mission Field,OH35,0.0
5052,Adventures Aloft Airport,MO07,0.0
5053,Disney Airport,OK95,0.0
5054,Cibolo Sea-Willo Airpark,TE67,0.0
4998,Bolivar Municipal Airport,KM17,0.0
4997,Melody Field,IS88,0.0
4996,Whittington Ranch Airport,OK31,0.0
4994,Richards Field,04FA,0.0
5067,Mc Donnell Airport,03MU,0.0
5055,Flying M Airport,TA08,0.0
4992,Ragtime Aerodrome,09OK,0.0
5056,Osborne Airport,8CA0,0.0
5057,Bunting's Field,4MD1,0.0
4991,Lyons Field,OI52,0.0
5059,Belmont Farm Airport,88VA,0.0
5061,Mole Airport,1OA2,0.0
4989,Woodliff Airpark,98MO,0.0
5062,Laughlin Bullhead International Airport,KIFP,0.0
5064,Franwood Farms Inc. Airport,9VA4,0.0
5065,Deer Crossing Airport,21GE,0.0
5048,Apple Airport,0OH7,0.0
5046,Marjorie Kennan Rawlings Airport,2FD2,0.0
5002,Joplin Regional Airport,KJLN,0.0
5004,Mann Ranch Airport,95CO,0.0
5017,Hilvety Airport,5LL1,0.0
5020,Deer Park Airport,KDEW,0.0
5021,Danz Ranch Airport,XA02,0.0
5014,Blackwell Land Company Airport,36CN,0.0
5022,Fly By Night Airport,OG13,0.0
5024,Sampley's Airport,28AZ,0.0
5026,Tatertown Airport,2IN3,0.0
5027,Pevey Airport,DE15,0.0
5028,Carter Ranch Airport,8TE7,0.0
5029,Willard Field,62OH,0.0
5030,Squires Airport,10IN,0.0
5032,Bijou Bottom Strip,9CO8,0.0
5033,C&R Farm Airport,78GA,0.0
5035,Stout Field,3II5,0.0
5037,Ingels Aerodrome,4KS2,0.0
5038,"Holict ""Private"" Airport",XA15,0.0
5039,Jr's Airport,11IN,0.0
5040,Shear Airport,63NY,0.0
5008,Deer Meadows Airstrip,8PA3,0.0
5041,Kellogg Airstrip,2CD9,0.0
5007,Longbranch Airport,VA08,0.0
5043,Trump Airport,16OI,0.0
5044,Millar Airport,2AZ4,0.0
4988,Hatfield Airport,IN69,0.0
4986,Hobbs Airport,MS33,0.0
5113,Tri-Center Airport,49WI,0.0
4958,Minsk National Airport,UMMS,0.0
4967,Old Fort Farm Airport,50NY,0.0
5092,Dillen Personal Airport,PA02,0.0
5093,Talachulitna River Airport,1AK6,0.0
5097,Kent State University Airport,K1G3,0.0
5098,Whitehorn Cove Airport,OL20,0.0
5099,Hanson Airport,0MT6,0.0
4964,Hickory Hills Airport,II67,0.0
5100,Coffman Airport,09KS,0.0
4961,Blairsville Airport,KDZJ,0.0
5102,Foltz Farm Airport,93IN,0.0
4959,Kindelberger Landing Strip,24PA,0.0
4957,Gravette Field,AR09,0.0
4985,Miller Airport,OI59,0.0
5104,Green Acres Airport,06OI,0.0
5105,Carey Field,4MD3,0.0
5106,Ag-Alley Airport,4NK6,0.0
5107,Lost Acres Airport,8PN0,0.0
5109,Industry Air Park,38OH,0.0
4955,Sport Aircraft Flight Park Ultralightport,4II7,0.0
4954,Edward Getzelman Airport,7IL7,0.0
5111,Lake Riverside Estates Airport,54CL,0.0
4953,Musiel Airport,NE43,0.0
4952,Wellers Landing Airport,GA29,0.0
4951,Mackie's Airport,2OA2,0.0
5090,Stubbs Strip,TS73,0.0
5088,Hawkins Field,TX98,0.0
5087,Camp Friendship Airfield,77VA,0.0
5085,Boulais Ranch Airport,40AZ,0.0
5068,Lisbon Airfield,1OH8,0.0
4984,Ronshausen Airport,38OI,0.0
5069,Silverbird Airport,WT04,0.0
5070,7-H Skeet Club Inc. Field,PS53,0.0
4983,The Landing Airport,9XS1,0.0
4982,Browns Airport,NE69,0.0
5074,Ennis Aerodrome,2MD4,0.0
5075,Thacker Field,4GA1,0.0
4979,Luray Caverns Airport,KW45,0.0
5077,Ensenada International Airport / El Cipres Air Base,MMES,0.0
4978,Eads Ridge Airport,MO68,0.0
5078,Idlewild Airport,XS11,0.0
5079,Sky Hollow Airport,WS91,0.0
4977,General Dick Stout Field,K1L8,0.0
4976,Beaver Municipal Airport,KU52,0.0
4974,Webster Airport,1II0,0.0
5081,Skyotee Ranch Airport,CL74,0.0
4973,Versailles Aerodrome,9TN1,0.0
5082,Flyers Field,31TS,0.0
4971,Mc Donald's Field,8FL1,0.0
5083,Jones Farms Airport,CA49,0.0
5084,Mather Field,1OH3,0.0
4969,Carlstrom Field,92FL,0.0
5204,Reynolds Field,MN91,0.0
5206,Peaceful Cove Airport,14ID,0.0
5406,Budapest Liszt Ferenc International Airport,LHBP,0.0
4755,Rosenbaum Field,3WI9,0.0
5335,Hitex Private Airport,9TX7,0.0
5336,Humbert Airport,7WA4,0.0
5338,Carlson Airport,PN06,0.0
5339,Tranquila Airport,88CO,0.0
4762,Zeigler Landing Strip,72OH,0.0
4761,Murphys Landing Strip,0NY7,0.0
5340,Deiterich Ranch Airport,TE95,0.0
5341,Providence Place Field,99IL,0.0
4760,Higgins Airport,7WI2,0.0
4758,Oak Ridge Airport,NY16,0.0
4756,Van Gorder Airport,04IS,0.0
5343,Four Corners Airport,14AK,0.0
5354,S & S Avion Ranch Airport,31FA,0.0
5344,Du Fresne Airport,MY82,0.0
4754,Cummings Field,45II,0.0
5345,Hooterville Airport,7IS3,0.0
4752,Country Squire Airpark,KS48,0.0
5346,Bluemel Field,5MD7,0.0
5347,London (Pioneer Airpark),CPN8,0.0
5348,Rag Wing Airport,9WN4,0.0
5349,Vestal Strip,CA59,0.0
5350,Comanche Airfield Llc Airport,CO38,0.0
5351,Clark Airport,23IS,0.0
5352,Scooter's Landing Strip,AK84,0.0
4765,Cameron Field,GA81,0.0
5334,Northwest Alabama Regional Airport,KMSL,0.0
5331,B-8 Farms Airport,IA58,0.0
4770,Clay Hill Farms Airport,II76,0.0
4785,Boone County Airport,K6I4,0.0
4784,Comox Valley Airport / CFB Comox,CYQQ,0.0
5308,Wright Ranch Airport,TX93,0.0
5309,Antelope Airpark,93CO,0.0
4783,Bellefonte Airport,KN96,0.0
5310,Palomino Airport,NV47,0.0
4782,Flying B Ranch Airport,0IL3,0.0
4781,Flying 'K' Ranch Ultralightport,0TS8,0.0
5314,Sky Bryce Airport,VG18,0.0
5315,Wolfe Field,XA32,0.0
5316,Millet/Creekview Airport,CRK2,0.0
5317,Severson Airport,LL79,0.0
4776,Seven Feathers Airport,10FD,0.0
5320,Woodstock Airport,VG55,0.0
4775,Little Buttes Antique Airfield,1CL1,0.0
5321,Flat Top Ranch Airport,74TE,0.0
5322,Hampton Airport,MD45,0.0
5324,Spencer Airport,VT09,0.0
5325,Castle Mountain Airstrip,48AK,0.0
5327,Donald Alfred Gade Airport,IL11,0.0
5328,Cedarville Airport,MI18,0.0
5330,Evans Field,AL94,0.0
4772,Brammeier Airport,7LL9,0.0
5353,Manning Personal Airstrip,VT10,0.0
4745,Oakview Airport,SC52,0.0
4787,Remsen City Airport,NY57,0.0
5396,Rowland R Airfield,23TA,0.0
4724,Stevens Farms Airport,IN05,0.0
5384,Flyers Airpark,9NC2,0.0
5387,Murmuring Springs Airport,2WN5,0.0
5388,Lightning Bolt Field Airport,04VT,0.0
4720,Josephs Field,IG07,0.0
5389,Loury Lester Airpark,6VA2,0.0
5392,Thomas Strip,AK08,0.0
5393,Flying Oaks Airport,2TE2,0.0
5394,Shelby Strip,AA05,0.0
5395,Curns Airport,2WN3,0.0
4716,Greenwood–Leflore Airport,KGWO,0.0
5397,Horizon Field,IN63,0.0
5356,Northport Airport,38WI,0.0
5398,Mount St Helens Aero Ranch Airport,WN10,0.0
5399,New Horizon Airport,AL29,0.0
5400,Michair Airport,WT44,0.0
4712,Orum Aerodrome,86NE,0.0
4711,Sun Valley Estates Airport,UT28,0.0
4710,Anderson Farm Airport,2MD0,0.0
5401,Silver Springs Airport,KSPZ,0.0
4708,Danville Airport,K8N8,0.0
5402,Hornady Ranch Airport,TX21,0.0
5403,Stockholm-Arlanda Airport,ESSA,0.0
5405,Wigrich Airport,OR85,0.0
5382,Grass Roots STOLport,9MI5,0.0
5381,C A M P Airport,8NE9,0.0
4725,Arthur Airport,II37,0.0
4726,Lone Tree Ranch Airport,35CO,0.0
5358,Blumenstetter Airport,MU63,0.0
5361,Swanton Ultralightport,WN60,0.0
4742,North Windham Airport,23VT,0.0
5362,Marsh Creek Airport,8PN9,0.0
5363,Ayers Airport,VA93,0.0
5364,New Quarter Farm Airport,92VA,0.0
4740,Lilac Time Airport,WI12,0.0
5366,Vienna International Airport,LOWW,0.0
5367,Fox Fire Airport,33VA,0.0
5368,G M Ranch Airport,AZ61,0.0
5369,Whalen Field,25MD,0.0
4736,Zim Airport,NH17,0.0
4735,Rust Field,8XS9,0.0
4733,Coyote Crossing Airport,TA26,0.0
4732,Ralph Jacobs Airport,27LL,0.0
5371,Bechtol Field,56AK,0.0
5373,Foxewood Airport,77WI,0.0
4730,Aero Acres Airport,IL51,0.0
5374,Lantana Ridge Airport,18XA,0.0
5375,Windward Farms Airport,4NJ0,0.0
5376,Circle A Ranch Airport,05TX,0.0
5378,Dugger's Field,AL60,0.0
5379,Desmet Airport,WI53,0.0
5307,Digger Dougs Airport,4WN9,0.0
5306,S & S Ranch Airport,39WI,0.0
5207,Mills Field,MI53,0.0
5255,Massingale Airport,3TN8,0.0
4511,Cambridge Airport,EGSC,0.0
4844,Van Dyke Strip,25CL,0.0
5243,Spencer Field,7NC9,0.0
5246,Wood Airport,8WI0,0.0
5247,Hidden Hills Airport,3MD5,0.0
5248,Breeden Airport,VA66,0.0
5250,Dairyview Airport,07MN,0.0
4843,Early-Merkel Field,IS78,0.0
5252,Keymar Airpark,MD42,0.0
5253,Weidel/Private/ Airport,2NJ3,0.0
5254,Sky Ranch Airport,K3L2,0.0
5256,Michael Farm Airport,MU84,0.0
4830,Riverveiw Airport,5IS3,0.0
4840,Circle Eight Ranch Airport,XA04,0.0
5257,Strawberry Acres Airport,2PN0,0.0
5259,Piseco Airport,KK09,0.0
4839,Pleasant Valley Airstrip,24AZ,0.0
4838,Harris Airport,MD69,0.0
4837,Berlin Brandenburg Airport,EDDB,0.0
5260,Norris Airport,0KS4,0.0
5261,Grants-Milan Municipal Airport,KGNT,0.0
5262,Schroeder Airport,MN79,0.0
5263,Caselman Ranch Airport,TE40,0.0
4834,Richardson Airport,IL24,0.0
5241,Adirondack Airpark Estates Airport,NY17,0.0
4845,Redpath Restricted Landing Area,IL35,0.0
4846,Mysterious Valley Airport,20CL,0.0
5240,Clarion Field,35IL,0.0
5208,Dillard Airport,54NC,0.0
5210,Ney Ultralight Flightpark,23KS,0.0
5211,Lee Vining Airport,KO24,0.0
4857,Smith Field,GE27,0.0
4856,New Castle-Henry County Municipal Airport,KUWL,0.0
5214,Riggins Farms Airport,IS43,0.0
5215,Parkston Municipal Airport,K8V3,0.0
4855,Anderson Airport,OH43,0.0
5216,Lake Elmo Airport,K21D,0.0
5221,Kayutah Lake/James & Helene D Allen Memorial Airport,2NY9,0.0
5222,Pearson's Farm Airport,SC40,0.0
5227,Enjoy Field,4LL4,0.0
4850,Falcon Lake Strip,0AK9,0.0
5231,Lawrence County Airport,K9A4,0.0
5232,Alge Airport,5OH0,0.0
4849,CMRS Airdrome,2CO2,0.0
5233,Johnson Airport,NY50,0.0
5234,York Airport,01SC,0.0
5235,Wagner Field,1TN3,0.0
5236,Barnhart Airport,PS69,0.0
5237,Cox-Grantham Airfield,6NC0,0.0
4847,Lucht Field,MN46,0.0
5239,Bil Lo Airport,51NE,0.0
4833,Block Airport,88LL,0.0
5265,Smith Airport,VT17,0.0
4788,Flying T Ranch Airport,41TS,0.0
5296,Berwick Airport,6PA7,0.0
5287,Pond View Private Airport,0MD4,0.0
4806,Sanders Personal Use Airport,70PN,0.0
5288,Hartwood Airport,3VG7,0.0
5289,Elam's Landing Airport,AL34,0.0
5290,Gilbert Airport,OG63,0.0
4802,Sky Ranch Airport,NE11,0.0
5292,Canapitsit Airport,15MA,0.0
5293,Twin Gardens Airport,8IL1,0.0
5294,Propst Airport,NC19,0.0
4800,Tightcliff Airport,16WA,0.0
5295,Wagner Municipal Airport,KAGZ,0.0
4799,Harrod Airport,SN42,0.0
4829,Portage-la-Prairie / Southport Airport,CYPG,0.0
4798,Hudgin Air Airport,TN12,0.0
5297,Pleasantdale Field,4VA9,0.0
5298,Gerum Farm Airport,TE36,0.0
5301,Rainbow Airport,WI37,0.0
4794,P and R Field,ID26,0.0
5302,Unicorn Place Airport,69FD,0.0
5303,Walter's Agri-Center Airport,WI28,0.0
5019,Crowley Ranch Airstrip,78OR,0.0
4790,Thistle Field,GA49,0.0
5304,Oakridge Ranch Airport,26OG,0.0
5305,Marcellus Airport,NK71,0.0
4807,Sullivan Airport,31WI,0.0
5286,Market Garden Airport,2PN3,0.0
5285,Ben's Landing Ultralightport,PA89,0.0
4810,Frost Field,0II7,0.0
5267,Waxwing Airport,NY86,0.0
4828,Schenck Field,KICL,0.0
4827,Marine City Airport,K76G,0.0
5270,Burnett County Airport,KRZN,0.0
5271,Smies Airport,75WI,0.0
4824,Cayton Pony Express Airport,8MO5,0.0
5274,Gaffney Airport,2WN2,0.0
4823,Lawrence Airport,1FD0,0.0
4821,Space Coast Regional Airport,KTIX,0.0
5275,Timberline Airport,WI47,0.0
4818,Pillow Hill Airport,3LL4,0.0
5276,Kearney Regional Airport,KEAR,0.0
4817,Arnika Ranch Airport,MO77,0.0
5277,Nichols Ranch Airport,ID07,0.0
5278,Double J Airport,1OA5,0.0
4815,Dunn Airport,LL54,0.0
5279,Manor Landing Airport,9PS8,0.0
4814,Moore Field,WV19,0.0
5280,Kirkpatrick Airport,8IL2,0.0
5281,Green Country Airpark,69OK,0.0
4813,Williams Airport,MO98,0.0
5283,Prescott Field,WS32,0.0
4811,Greer Airport,OG48,0.0
4512,Brush Creek Airport,8IN7,0.0
0,Novosibirsk Tolmachevo Airport,UNNT,0.0
4510,Grand Lake Regional Airport,K3O9,0.0
2316,Blue Earth Municipal Airport,KSBU,0.0
2393,Hilltop Airport,40OK,0.0
2381,Hilltop Airport,2OA6,0.0
2375,Roanoke Municipal Airport,K7A5,0.0
2364,Culver Field,50OH,0.0
2361,7R Ranch Airport,CL25,0.0
2349,Hutchinson Municipal Butler Field,KHCD,0.0
2342,C. R. Acres Airport,2WS3,0.0
2338,Flying L Airport,TE90,0.0
2335,Lazy B Ranch Airport,PS08,0.0
2327,Grantley Adams International Airport,TBPB,0.0
2326,Waldmeister Farm Airport,45MO,0.0
2324,Cholla Airport,64CO,0.0
2322,Fort Erie Airport,CNJ3,0.0
2318,Frankfort Airport,LL40,0.0
2314,Burk Airport,4MN7,0.0
2248,Missler-Bellevue Airport,6OH1,0.0
2313,A W Ranch Airport,XS79,0.0
2310,Quincy Regional Baldwin Field,KUIN,0.0
2309,Chaparral Airport,CO18,0.0
2305,Athens Municipal Airport,KF44,0.0
2304,Montréal / Saint-Hubert Airport,CYHU,0.0
2294,Fairview Airport,7TS0,0.0
2284,Doyle Estates Airport,30AK,0.0
2282,Mayes Homestead Airport,37MO,0.0
2280,Captain Ben Smith Airfield - Monroe City Airport,KK52,0.0
2278,Forest Lake Airport,K25D,0.0
2274,Sharretts Airport,PN91,0.0
2271,Fly'n R Ranch Airport,43FL,0.0
2269,Big Springs Ranch Airport,AZ27,0.0
2262,Kitty Hawk Flying Field,TS67,0.0
2395,Flying W Airranch Airport,9FL1,0.0
2396,Lemons Airport,IA03,0.0
2401,Walter's Field,42NY,0.0
2402,Scotty's Place Airport,DE29,0.0
2610,Hampton Field,38II,0.0
2586,Hawks Nest Farm Airport,SC26,0.0
2581,Deer Run Airpark,85KY,0.0
2573,Timmons Field,92KY,0.0
2569,Osage Municipal Airport,KD02,0.0
2564,Colberg Airport,5AK6,0.0
2554,Fillmore County Airport,KFKA,0.0
2550,Dennis's Flying Farm Airport,TA86,0.0
2525,Mariscal Sucre International Airport,SEQM,0.0
2521,Paul E. Kroenlein Airport,5LL2,0.0
2516,Reed Airport,2PA3,0.0
2514,Ellsworth Field,FA27,0.0
2513,Neiner Airport,19LL,0.0
2504,Cherry Hill Airport,40IN,0.0
2500,Wells Airport,MO85,0.0
2489,"Terre Haute Regional Airport, Hulman Field",KHUF,0.0
2475,Hoppe Sky Ranch Airport,93MN,0.0
2474,Hide-A-Way Hills Resort Airport,11OA,0.0
2455,Moriarty Municipal Airport,K0E0,0.0
2445,Baldwin Airport,MO39,0.0
2442,Weedfalls Airport,XA45,0.0
2439,Irwin Farms Airport,4AL2,0.0
2427,Ed-Air Airport,2IG4,0.0
2424,Radloff's Cedar View Farms Airport,53MN,0.0
2423,Cody Port RLA Restricted Landing Area,7IL8,0.0
2417,Godbee RLA Restricted Landing Area,47IL,0.0
2411,Watermeier Airport,37NE,0.0
2408,Thomsen Airport,NE92,0.0
2407,Hendricks Field,NK16,0.0
2252,Glenmar Airport,TS11,0.0
2241,Finkhaven Airport,73PN,0.0
3093,Kloker Airport,IS69,0.0
2026,Jeffries Farm Airport,6KY6,0.0
2101,Fairmont Municipal Airport,KFRM,0.0
2100,Yucca Airstrip,NV11,0.0
2098,Richland Acres Ultralightport,13PN,0.0
2093,Lowe Airstrip,CD01,0.0
2091,Parr Airport,K42I,0.0
2080,Thorn Airport,MI19,0.0
2074,Simerly Airport,1MU6,0.0
2067,Mullins Landing Airport,6XS3,0.0
2058,Noahs Ark Airport,06MO,0.0
2054,Strutman Field,MU42,0.0
2048,Anderson Airfield,43OA,0.0
2038,Osborn Airfield,02FA,0.0
2034,Rising Sun Airport,31II,0.0
2033,Lakewood Airstrip,53AK,0.0
2022,Cougar Landing Airport,XA85,0.0
2232,Montana Creek Airport,21AK,0.0
2015,Northwest Arkansas Regional Airport,KXNA,0.0
1992,Skywagon Farm Airport,NM88,0.0
1991,Chestnut Hill Airport,5PS5,0.0
1988,Mc Creless Farm Airport,3TX5,0.0
1987,Abide Airpark,MS30,0.0
1980,Taylor Airport,15AR,0.0
1963,Rantoul National Aviation Center - Frank Elliot field,KTIP,0.0
1957,Ray Smith Farm Airport,2TX2,0.0
1946,Kelly's Field,7ND2,0.0
1935,Jim & Peg Airport,61IS,0.0
1932,Smith Restricted Landing Area,4IS5,0.0
1926,Ijamsville Airport,4MD8,0.0
1918,Cruzan Field,9II4,0.0
1910,Spud View Airport,18PN,0.0
2102,Skyview Airport,MU70,0.0
2109,Strohmier Airport,PN53,0.0
2116,Ridge Airport,IA01,0.0
2122,Donald A. Hamilton Airport,8LL7,0.0
2227,Robison Airport,IN33,0.0
2225,Fields Airport,64NC,0.0
2223,Fetters Construction Airport,PA70,0.0
2222,Pyramid Ranch Airport,2TA6,0.0
2220,Columbia Regional Airport,KCOU,0.0
2216,Thomas Airport,3IN9,0.0
2215,Shields Airport,8IA9,0.0
2207,Yingst Airport,3PS8,0.0
2199,Lino Air Park,MY18,0.0
2198,Brushy Creek Airport,69XS,0.0
2190,Logansport Cass County Airport,KGGP,0.0
2184,Bulljump Airport,11MA,0.0
2181,Port Colborne Airport,CPE5,0.0
2176,South 80 Field,2IA9,0.0
2166,Keysa Airport,NY79,0.0
2158,Gaines Valley Aviation Airport,NY06,0.0
2155,Thrall Lake Airport,7MI3,0.0
2151,La Junta Municipal Airport,KLHX,0.0
2147,Vinton Veterans Memorial Airpark,KVTI,0.0
2145,Hidden Quarry Airport,0OI9,0.0
2142,Ddt Field,3IN8,0.0
2140,Greeley Airport,PN15,0.0
2138,Providenciales International Airport,MBPV,0.0
2135,Tranquility Bay Strip,4FA3,0.0
2134,Tiger Field,KN58,0.0
2131,Gary Johnson Field,7IN7,0.0
2129,Milford Municipal-Ben and Judy Briscoe Field,KMLF,0.0
2127,Riego Flight Strip,38CL,0.0
2123,Wilkinson Ranch Airport,55WA,0.0
2616,Wright's Field,36OH,0.0
2631,Duck Creek Airport,26OK,0.0
2635,Doc's Airport,18NE,0.0
2878,Boardman Aerial Airport,38NE,0.0
2961,Bulldog Ranch Airport,2WI9,0.0
2953,Rush City Regional Airport,KROS,0.0
2943,Buell Airport,II03,0.0
2939,Howard Field,TA02,0.0
2935,Tubac Ultralight Flightpark / Flying W Ultralightport,2AZ8,0.0
2932,Flory /Private/ Airport,SN21,0.0
2930,Woods Field,63II,0.0
2929,Kimzey Airport,17TX,0.0
2928,Murphree Airport,26GA,0.0
2925,Snow Crest Ranch Airport,0WI4,0.0
2922,Fairview East Airport,58AK,0.0
2913,Pine View Airport,8CO9,0.0
2895,Marsteller Airport,PN17,0.0
2888,Clarion Municipal Airport,KCAV,0.0
2871,Leeward Farm Airport,WS51,0.0
2641,Monroe Field,2MU9,0.0
2864,Shirley Lake Airport,AK90,0.0
2858,Boundary Bay Airport,CZBB,0.0
2855,Connies Aviation Airport,XA42,0.0
2854,Sky Landings Airport,22MS,0.0
2851,Somerset Airport,SN89,0.0
2844,Upperville Airport,2VG2,0.0
2841,Cedar Creek Airport,2OH4,0.0
2837,Fox Fire Airport,SN85,0.0
2836,Bentley Airport,1PN0,0.0
2835,Back Achers Airport,8FL3,0.0
2834,Gray Airport,07IN,0.0
2833,Haskell Airport,K2K9,0.0
2830,Wilson Airport,62IS,0.0
2827,Cuatros Vientos Airport,PA25,0.0
2987,Eyota Airport,MY37,0.0
2989,Johnson Airport,3AK4,0.0
2990,Margaritaville Airport,68XS,0.0
2995,Klopfenstein Airport,IN39,0.0
3081,Tiger Lake Airport,2FL8,0.0
3080,Prague Municipal Airport,KO47,0.0
3075,Hamilton Hill Airport,PS47,0.0
3074,Raceway Airport,II32,0.0
3072,Singapore Changi Airport,WSSS,0.0
3067,Băneasa International Airport,LRBS,0.0
3063,Fairfield Municipal Airport,KFWC,0.0
3060,Dry Creek Airport,TS07,0.0
3054,Elmdale Airpark,82TS,0.0
3042,Hurlbut Field,NY07,0.0
3036,Rich Field,06IA,0.0
3033,Copenhagen Kastrup Airport,EKCH,0.0
3031,Cannizzaro Field,28MA,0.0
3029,East Lake Airport,66MI,0.0
3026,McLendon Airport,GA94,0.0
3022,Keno Field,TA49,0.0
3021,Bowman Airport,4OA8,0.0
3018,Hamburg Helmut Schmidt Airport,EDDH,0.0
3015,Raton Municipal Airport / Crews Field,KRTN,0.0
3014,West Penn Township Airport,PS99,0.0
3012,Southwind Airport,22WN,0.0
3009,Belgrade Nikola Tesla Airport,LYBE,0.0
3007,Chhatrapati Shivaji International Airport,VABB,0.0
3006,Birch Creek Landing,51AK,0.0
3004,Spangdahlem Air Base,ETAD,0.0
3003,Algona Municipal Airport,KAXA,0.0
3002,Poole Airport,II86,0.0
3000,West Beaver Airport,09AK,0.0
2997,Grohnke Field,MY92,0.0
2826,Read Airport,LL46,0.0
2821,Brownsberger Airport,MO75,0.0
2817,Curanda Airport,LL39,0.0
2760,Plover River Airfield,3WI3,0.0
2737,Scout Airport,XS80,0.0
2732,Adams Airport,GA91,0.0
2731,Williams Airpark,30LL,0.0
2729,Front Royal Warren County Airport,KFRR,0.0
2726,Young Private Airport,06WI,0.0
2712,Ransome STOLport,57PN,0.0
2711,Meadow Strip Ultralightport,9PA3,0.0
2708,Flying Y Service Airport,MS41,0.0
2705,Fussy Airport,2MN7,0.0
2701,Nesler Field,IA94,0.0
2699,Whiteside County Airport - Joseph H Bittorf Field,KSQI,0.0
2694,George L Scott Municipal Airport,K3Y2,0.0
2692,John L Coppernoll Airport,4LL3,0.0
2688,Schaller Airport,LL26,0.0
2686,Hemmer RLA Restricted Landing Area,08IS,0.0
2683,Barnes Airport,5MN5,0.0
2682,Barnes Airport,MD47,0.0
2680,Socorro Municipal Airport,KONM,0.0
2677,West Papoose Lake Airpark,44AK,0.0
2674,Walter Sutton's Private Strip,WA79,0.0
2673,Bush Field,MN57,0.0
2670,Weiss Airport,86KS,0.0
2665,Loy Airport,1IL8,0.0
2659,Marchino Field,28IN,0.0
2658,Renshaw Airport,II45,0.0
2656,Graham Field,XS31,0.0
2650,Sam Little International Airport,99XS,0.0
2648,Petes Airport,7MY9,0.0
2645,Kimbowrosa Farm Airport,DE10,0.0
2743,Folsom Airport,2FL3,0.0
2763,Justus Airport,2LL5,0.0
2814,Jerseyville Aviation Inc Airport,0LL1,0.0
2764,Sun View Field Airport,03PR,0.0
2809,Elert Airport,WS12,0.0
2808,Happy Landings Farm Airport,MD73,0.0
2806,JW Stone Airport,75NC,0.0
2804,Reedley College Airport,CA13,0.0
2802,Potters Field,55AZ,0.0
2801,Hirok Airport,TE50,0.0
2798,Philippi Barbour County Regional Airport,K79D,0.0
2797,Black Diamond Airport,95WA,0.0
2796,Mitchell RLA Restricted Landing Area,67IL,0.0
2794,Seagoville Airport,5TA9,0.0
2793,Hancock Airport,SN81,0.0
2792,Donnelly Residence Airport,2AZ5,0.0
1,Taiwan Taoyuan International Airport,RCTP,0.0
2785,Stocker Private Airport,MN63,0.0
2784,Doering Farms Airfield,0WI2,0.0
2783,Bishop Field,68TS,0.0
2782,Low and Slow Airport,2IL6,0.0
2781,Hammond Airport,OI91,0.0
2780,Mesmer Airport,NY49,0.0
2778,Clear View Farm Airport,97KS,0.0
2777,Murphy Farms Airport,70IL,0.0
2776,Skalitsky Airport,6TE0,0.0
2774,Thorn Field,7II9,0.0
2772,Folkerts Airport,5IA5,0.0
2771,Windhaven Airport,72WI,0.0
2770,Cuddihy Landing Strip,NJ60,0.0
2768,Ray Schnepf Ranch Airport,47AZ,0.0
2767,Lindauer Airport,83LL,0.0
2765,Niagara District Airport,CYSN,0.0
1908,Lauppes Strip,CA22,0.0
1902,Bassett Field,61NY,0.0
1877,Jerry Phibbs Airport,NK43,0.0
749,Grand Isle Airport,OK18,0.0
845,Edenway Airport,2CO5,0.0
835,Fort Atkinson Municipal Airport,K61C,0.0
820,Liannimal's Landing,56IS,0.0
814,Hawk Field,IA15,0.0
805,LBJ Ranch Airport,0TE7,0.0
800,Rotstein Airport,IS59,0.0
799,Limington Harmon Airport,K63B,0.0
793,Tezak Airport,CO19,0.0
785,Zanesville Municipal Airport,KZZV,0.0
773,Ultra Flight Airpark,3MO2,0.0
771,Ragwing Acres Airport,2OK4,0.0
768,Hay Acres Airport,1MN2,0.0
762,Comanche Caves Ranch Airport,4TA6,0.0
754,Lester B. Pearson International Airport,CYYZ,0.0
741,Rossneck Airport,MD04,0.0
1085,Gimpo International Airport,RKSS,0.0
739,Ruckl Airport,IA35,0.0
733,Oroville Municipal Airport,KOVE,0.0
730,Drake Ranch Airport,7FD2,0.0
729,Auckland International Airport,NZAA,0.0
727,Flattop Ridge Airport,TA63,0.0
718,Ted's Place Airport,71IS,0.0
707,Schewe Airport,WI52,0.0
693,Rocky Creek Ranch Airport,9TE6,0.0
690,Mynatt Field,TS25,0.0
688,Sahoma Lake Airport,03OK,0.0
669,J & M Farms Airport,NM49,0.0
668,Brisbane International Airport,YBBN,0.0
664,Grier Airport,71TX,0.0
656,Schubert Airstrip,40WI,0.0
848,Lake California Air Park,68CA,0.0
851,Point Mac Airport,AK36,0.0
852,Houston Airpark,21XS,0.0
854,Tokyo Haneda International Airport,RJTT,0.0
1068,Melsbroek Air Base,EBMB,0.0
1065,Yokota Air Base,RJTY,0.0
1064,Hamad International Airport,OTHH,0.0
1060,Rio Grande City Municipal Airport,K67R,0.0
1058,Chico Municipal Airport,KCIC,0.0
1041,Wormley Airport,85LL,0.0
1015,Yellowbird Farm Airport,OI29,0.0
1011,Kenneth Copeland Airport,K4T2,0.0
998,La Aurora Airport,MGGT,0.0
995,Butts AAF (Fort Carson) Air Field,KFCS,0.0
994,Byrne Field,0IN5,0.0
990,Smith Airport,XA51,0.0
984,Illinois Valley Regional Airport-Walter A Duncan Field,KVYS,0.0
978,South Bend Regional Airport,KSBN,0.0
974,Melbourne International Airport,YMML,0.0
971,King Khaled International Airport,OERK,0.0
968,Warren Airport,95LL,0.0
957,Flight Park Inc Airport,1IL4,0.0
952,Harris Field,73IA,0.0
940,Western Airpark,06WN,0.0
929,Charles de Gaulle International Airport,LFPG,0.0
924,John C. Munro Hamilton International Airport,CYHM,0.0
921,Ninoy Aquino International Airport,RPLL,0.0
909,Brunner Airport,04LL,0.0
905,Kenai Municipal Airport,PAEN,0.0
876,Honeybee Lake Aero Park Airport,25AK,0.0
865,Smitty's Landing Airport,1MU2,0.0
863,Deer Creek Ranch Airport,CA60,0.0
859,Flying Dutchman Ranch Airport,FD29,0.0
648,Vancouver International Airport,CYVR,0.0
636,Bluebird Airport,IA17,0.0
610,Kemps Field of Dreams Airport,6OH9,0.0
144,Dubai International Airport,OMDB,0.0
124,Indira Gandhi International Airport,VIDP,0.0
82,Luis Munoz Marin International Airport,TJSJ,0.0
79,Guarulhos - Governador André Franco Montoro International Airport,SBGR,0.0
76,East Midlands Airport,EGNX,0.0
64,İstanbul Atatürk Airport,LTBA,0.0
60,Ministro Pistarini International Airport,SAEZ,0.0
53,Maastricht Aachen Airport,EHBK,0.0
52,Brussels Airport,EBBR,0.0
47,London Stansted Airport,EGSS,0.0
46,El Dorado International Airport,SKBO,0.0
35,Cologne Bonn Airport,EDDK,0.0
33,Frankfurt-Hahn Airport,EDFH,0.0
28,Liège Airport,EBLG,0.0
26,Ramstein Air Base,ETAR,0.0
22,Viracopos International Airport,SBKP,0.0
21,Kansai International Airport,RJBB,0.0
20,Leipzig/Halle Airport,EDDP,0.0
19,Chubu Centrair International Airport,RJGG,0.0
18,Rotterdam The Hague Airport,EHRD,0.0
14,Luxembourg-Findel International Airport,ELLX,0.0
13,Rota Naval Station Airport,LERT,0.0
11,Adolfo Suárez Madrid–Barajas Airport,LEMD,0.0
10,Frankfurt am Main Airport,EDDF,0.0
9,London Heathrow Airport,EGLL,0.0
8,Amsterdam Airport Schiphol,EHAM,0.0
7,Shenzhen Bao'an International Airport,ZGSZ,0.0
5,Hong Kong International Airport,VHHH,0.0
3,Ben Gurion International Airport,LLBG,0.0
2,Incheon International Airport,RKSI,0.0
132,Juan Santamaría International Airport,MROC,0.0
191,Keesler Air Force Base,KBIX,0.0
607,Costerisan Farms Airport,55CL,0.0
224,Reed Airport,WT24,0.0
603,Ultralight Flight Farm Ultralightport,NK89,0.0
599,Sydney Kingsford Smith International Airport,YSSY,0.0
593,Ranchaero Airport,CL56,0.0
590,Starr Airport,MO94,0.0
572,Wildcat Airport,52PA,0.0
554,Diamond R Ranch Airport,3GA5,0.0
531,Carl's Airport,MI70,0.0
515,Tightsqueeze Field,55MO,0.0
508,General Abelardo L. Rodríguez International Airport,MMTJ,0.0
503,Red Bluff Municipal Airport,KRBL,0.0
489,Free Spirit Airport,NJ81,0.0
482,Pritchard Airport,99TE,0.0
481,Marshall Field,0II5,0.0
470,Erb Acres Airport,54NY,0.0
463,Kindsvater Ranch Airport,CL24,0.0
461,Cimarron Strip,9OK7,0.0
450,Wilkes Barre Scranton International Airport,KAVP,0.0
379,Chimera Aerodrome,9XA4,0.0
376,B & V Flying Ranch Airport,98IN,0.0
362,Bowlin Airport,IN85,0.0
357,Egland Field,LL66,0.0
354,Calgary International Airport,CYYC,0.0
344,Paradise Skypark Airport,CA92,0.0
314,Freedom Springs Ranch Airport,TA66,0.0
310,Flying J Airport,86TX,0.0
292,Scheidel Ranch Airport,CA07,0.0
264,Montreal International (Mirabel) Airport,CYMX,0.0
262,Fairchild Air Force Base,KSKA,0.0
256,Herb Tautz Airport,LL07,0.0
1083,Carpentiers Strip,64AK,0.0
1089,Alliance Airport,23NJ,0.0
1871,Four Winds Airport / Cavanaugh Ranch Airport,1TS9,0.0
1560,Ottawa Macdonald-Cartier International Airport,CYOW,0.0
1662,North Central West Virginia Airport,KCKB,0.0
1657,Shafter Airport,MI77,0.0
1649,Midlake Airport,28TE,0.0
1644,Jennie'S Field,WI13,0.0
1643,Spanish Oaks Airport,76TX,0.0
1639,Comanche Creek Airport,07CO,0.0
1621,Ponca City Regional Airport,KPNC,0.0
1620,Abbotsford International Airport,CYXX,0.0
1607,Countryman's Landing Strip,NK01,0.0
1596,Eagle Grove Municipal Airport,KEAG,0.0
1594,Stefanik Airport,PA36,0.0
1568,Runyan Aviation Airport,IL15,0.0
1564,Poverty Airport,PS73,0.0
1562,McKnight Airport,5OI8,0.0
1557,Kellums Airport,16IS,0.0
1093,Jefferson County International Airport,K0S9,0.0
1556,Brown Truck Sales Airport,1IA0,0.0
1547,Harbor Springs Airport,KMGN,0.0
1535,Barge Ranch Airport,62TX,0.0
1523,Bally's Strip,1IL6,0.0
1521,Fowler Airport,CO80,0.0
1519,D'Angelo Airport,6MD7,0.0
1517,Gooding Airport,MI29,0.0
1497,Solon Springs Municipal Airport,KOLG,0.0
1492,Dothan Regional Airport,KDHN,0.0
1491,J & L Aviation Airport,WS46,0.0
1487,Pleasure Field,47TA,0.0
1480,Mohawk Air Park,27NK,0.0
1474,Neillsville Municipal Airport,KVIQ,0.0
1470,Stephens County Airport,KBKD,0.0
1668,Krout Airport,4PS6,0.0
1672,Archangels Landing Airport,IN26,0.0
1673,Reid Restricted Landing Area,6IL6,0.0
1674,Moore Hx Ranch Airport,7XS6,0.0
1867,Fayette Regional Air Center Airport,K3T5,0.0
1865,Flying C Airport,DE07,0.0
1864,Bijou Basin Airport,CD17,0.0
1861,Hanna Airport,IN31,0.0
1857,Laszlo Airport,MI39,0.0
1850,Will and Wiley's Aerodrome,20OK,0.0
1846,Hunt Strip,10AK,0.0
1843,Warsaw Chopin Airport,EPWA,0.0
1835,Takle Field,GA74,0.0
1829,Viru Viru International Airport,SLVR,0.0
1828,Ives Airport,OK96,0.0
1822,Meadowlark Airport,GA75,0.0
1816,Philadelphia Gliderport,0PA0,0.0
1810,Lucchetti Ranch Airport,8CL2,0.0
1809,Aysta Field,3MN8,0.0
1804,Barton Field,1XS4,0.0
1802,Nance Airport,8LL0,0.0
1786,Robotek Airport,TX81,0.0
1771,Skyline Airstrip,PN50,0.0
1760,Shell Lake Municipal Airport,KSSQ,0.0
1751,Sainte Genevieve Flying Club Airport,6MO2,0.0
1746,Circle 8 Ranch Airport,CO42,0.0
1737,McFarlin Ranch Airport,XA12,0.0
1733,Chicora Field,38MI,0.0
1730,Burris Ranch Airport,2TE6,0.0
1718,Horse Feathers Airport,53VA,0.0
1708,Elder Airstrip,6AR1,0.0
1704,Wade Airport,56LL,0.0
1700,Schumaier Restricted Landing Area,01LL,0.0
1466,Killion Ranch Airport,1TX7,0.0
1463,Keller Airport,0MN8,0.0
1458,Hoby Wolf Airport,2MD5,0.0
1241,Coombs Airport,7NJ7,0.0
1235,Sherk Field,II38,0.0
1233,Daugherty Field,II75,0.0
1232,Langlade County Airport,KAIG,0.0
1221,High Banks Farm Landing Area Airport,1NY4,0.0
1213,Houston Southwest Airport,KAXH,0.0
1191,Plainfield International Airport,5WI2,0.0
1187,Swan Field,WS36,0.0
1184,Waupun Airport,WI07,0.0
1183,RAF Mildenhall,EGUN,0.0
1182,Shannon Airport,EINN,0.0
1177,Jackson County Airport,KI18,0.0
1175,Munich Airport,EDDM,0.0
1164,Akıncı Air Base,LTAE,0.0
1157,Payson Ranch Airport,6FL3,0.0
1150,Sunset Strip,7GE5,0.0
1142,"Oslo Airport, Gardermoen",ENGM,0.0
1139,Rogers Municipal Airport-Carter Field,KROG,0.0
1135,L.F. Wade International International Airport,TXKF,0.0
1134,Effingham County Memorial Airport,K1H2,0.0
1132,Jorge Newbery Airpark,SABE,0.0
1131,Reykjavik Airport,BIRK,0.0
1130,Nuremberg Airport,EDDN,0.0
1129,Saranac Farm Airport,9FL2,0.0
1121,London Luton Airport,EGGW,0.0
1115,Rome–Fiumicino Leonardo da Vinci International Airport,LIRF,0.0
1114,Dublin Airport,EIDW,0.0
1112,Stockholm-Bromma Airport,ESSB,0.0
1110,Vaiden Landing Airport,MS64,0.0
1097,Keflavik International Airport,BIKF,0.0
1240,Handy Strip,0VA9,0.0
1243,Falconhead Airport,K37K,0.0
1454,Coye Field,30NY,0.0
1250,Sheremetyevo International Airport,UUEE,0.0
1423,Sedalia Memorial Airport,KDMO,0.0
1422,Little Peach Airport,TS92,0.0
1410,Booe Airport,II34,0.0
1407,Leroux Airport,TX22,0.0
1406,Weese International Airport,XS14,0.0
1405,Farmington Regional Airport,KFAM,0.0
1400,Windsor Airport,CYQG,0.0
1395,Wood Acres Airport,7MO1,0.0
1394,Kropf Airport,0II6,0.0
1392,Dolata Airport,6WI5,0.0
1383,Var-Sky Airport,JY08,0.0
1377,Southcreek Airport,7OI7,0.0
1364,Salubrious Point Airport,5NK0,0.0
1363,Whitehouse Naval Outlying Field,KNEN,0.0
1359,Swensen Airport,4WN2,0.0
1358,Gusler Airport,PA74,0.0
1357,Vandalia Municipal Airport,KVLA,0.0
1309,Abilene Regional Airport,KABI,0.0
1306,Montreal / Pierre Elliott Trudeau International Airport,CYUL,0.0
1305,Draughon Miller Central Texas Regional Airport,KTPL,0.0
1302,Sheets Airport,FA42,0.0
1297,Rall Field,32OH,0.0
1292,North American Farms Airport,56FD,0.0
1291,Coupeville Airpark,WN40,0.0
1290,Eagles Landing Airport,9NC8,0.0
1288,Mansfield Lahm Regional Airport,KMFD,0.0
1266,Coleman Municipal Airport,KCOM,0.0
1254,Fernando Luis Ribas Dominicci Airport,TJIG,0.0
1252,Zürich Airport,LSZH,0.0
3082,Escape Ranch Airport,4FL1,0.0
3094,Geneva Cointrin International Airport,LSGG,0.0
4509,Fry Airport,0OH8,0.0
4089,Norman & White Airport,6TE1,0.0
4136,Turner Field,11CA,0.0
4135,Ham-A-Lot Field,MI48,0.0
4130,Day Aero-Place Airport,6IS0,0.0
4129,Becker Field,59AS,0.0
4113,Sunset Strip,33OH,0.0
4112,Foster Field,5VG2,0.0
4109,Cliff Scott Airport,47MO,0.0
4108,Larson Studio Airport,WI20,0.0
4107,Ron's Ultralight Field,1NC1,0.0
4106,Hartness Airport,SC58,0.0
4102,Krey Field Airport,0CL1,0.0
4097,Palm Beach International Airport,KPBI,0.0
4096,Sky Glen Airport,MA75,0.0
4092,Sisters Eagle Air Airport,K6K5,0.0
4088,Patrum Field,II09,0.0
4055,True North Airpark,ND52,0.0
4087,Toland Airport,77GA,0.0
4081,Angle Bar M Airport,MU07,0.0
4080,Safe Field,NC48,0.0
4079,Spickard Farm Airport,5CO4,0.0
4078,Calico Field,SD03,0.0
4077,Tradewinds Aerodrome,3FD6,0.0
4076,Flying W Airport,XS56,0.0
4074,Serenity Farm Airport,3VG3,0.0
4072,Rummel Restricted Landing Area,6IL3,0.0
4070,Elgin Intracontinental Airport,56TS,0.0
4069,J Linn Airport,37TS,0.0
4062,Humberto Delgado Airport (Lisbon Portela Airport),LPPT,0.0
4060,Lake County Executive Airport,KLNN,0.0
4057,North Palm Beach County General Aviation Airport,KF45,0.0
4138,Sawyer Field,29MI,0.0
4141,Falls Landing,SC67,0.0
4142,Hepner Airport,4VA4,0.0
4144,Risky Airport,1KS2,0.0
4228,Rake's Glen Airport,WA59,0.0
4227,Nesta Airport,9OI6,0.0
4225,Dutch Landing Strip,88AK,0.0
4223,St Maries Municipal Airport,KS72,0.0
4215,Newberg Airport,DE04,0.0
4214,Harrah Airport,WA26,0.0
4213,Farm Strip,IN98,0.0
4209,Shure Airport,IN57,0.0
4206,Dakota Air Ranch Airport,09NR,0.0
4201,Bickel Airport,3LL6,0.0
4200,Lang Flying Service Airport,MS77,0.0
4198,King Airport,7IS9,0.0
4195,Camp Peary Landing Strip,KW94,0.0
4191,Bloyer Field,KY72,0.0
4188,Nixon Airport,IS60,0.0
4181,Horse Shoe A Ranch Airport,CA71,0.0
4180,Parker Field,8NC7,0.0
4178,Shullsburg Airport,2WI2,0.0
4177,D Bar D Airport,9CO6,0.0
4176,Taylor County Airport,KMDZ,0.0
4175,Delaware County Johnson Field,KMIE,0.0
4173,St Thomas Municipal Airport,CYQS,0.0
4169,Sell Field,OH67,0.0
4168,Mach-O Acres Airport,98OR,0.0
4165,Evans Airways Airport,4NK3,0.0
4160,Henley Airport,75AK,0.0
4159,Litchfield Restricted Landing Area,4IS7,0.0
4155,Rab Ranch Airport,1XA0,0.0
4152,Shelby Community Airport,K12G,0.0
4056,D'Amico Airport,NY13,0.0
4054,Wandervogel Gliderport,NY77,0.0
3096,Jensen Field,6MI1,0.0
3921,Skip's Place Airport,2IN0,0.0
3958,Suntime Airport,8NK6,0.0
3957,Foley Airport,72LL,0.0
3954,Mount Pleasant Regional Airport,KOSA,0.0
3950,Thunderbird Southwest Airport,88TE,0.0
3943,Heinzman Airport,03IN,0.0
3939,Neuwirth Airstrip,71OK,0.0
3938,Quahadi Ranch Airport,17XS,0.0
3937,Shelby County Airport,K2H0,0.0
3933,French Field,0XS9,0.0
3932,Dresden Airport,GA79,0.0
3931,Huntsville Regional Airport,KUTS,0.0
3930,Harris Corn Field,19OH,0.0
3929,Paradise Point Airport,3TX1,0.0
3927,Hawkins Field,92PA,0.0
3920,Abilene Executive Airpark,TX00,0.0
4049,Godahavit Airport,6II8,0.0
3916,West Township Airport,6NY4,0.0
3915,Chongqing Jiangbei International Airport,ZUCK,0.0
3911,Morgan Airfield,71IN,0.0
3909,Mc Cardle Farm Airport,PS11,0.0
3908,Robinson Airport,3IA4,0.0
3903,Malpensa International Airport,LIMC,0.0
3902,Bilinski Airport,PA07,0.0
3901,Changi Air Base (East),WSAC,0.0
3900,Basl Hill Farms Airport,7OR2,0.0
3899,Agricultural Supplies Airport,XS42,0.0
3896,Skywest Airpark,62AL,0.0
3891,Varisco Airport,13TE,0.0
3889,S & S Landing Strip,8GA6,0.0
3884,Winnabow Airport,77NC,0.0
3959,Dillon Airport,9II3,0.0
3961,Winn Field,37II,0.0
3962,Reece Field,94TA,0.0
3969,Carlson Airport,4WI5,0.0
4047,Erickson Field,19WI,0.0
4045,Curry Airport,51IS,0.0
4041,Durant Regional Airport - Eaker Field,KDUA,0.0
4040,Graham Municipal Airport,KRPH,0.0
4035,Mayer Airport,IN72,0.0
4034,Reed Hollow Ranch Airport,CO96,0.0
4031,Naval Outlying Landing Field Webster,KNUI,0.0
4028,Jim Finlay Farm Airport,28FL,0.0
4027,Little Rock/Rock Port Airport,3MN5,0.0
4022,Teague Municipal Airport,K68F,0.0
4020,Mathews Memorial Airport,K8C4,0.0
4014,Winters Airport,0II9,0.0
4013,Thorny Woods Airport,XA33,0.0
4012,Lawton Fort Sill Regional Airport,KLAW,0.0
4009,Funfsinn Airport,IL13,0.0
4008,Seigfried Halfpap Airport,87IS,0.0
4004,S.O.P. Airport,NK06,0.0
4001,Live Oak Ranch Airport,TA17,0.0
3997,Medlock Field,69CL,0.0
3995,Holland Air Park,36WI,0.0
3993,Wormid Airport,08MA,0.0
3991,Paxton Airport,K1C1,0.0
3989,Meier Airport,WI99,0.0
3983,Clearwater Aero Estates Airport,JB01,0.0
3980,Hanover / Saugeen Municipal Airport,CYHS,0.0
3979,Rinehart Airport,0IA6,0.0
3978,Taylor Field,3AR7,0.0
3976,Five Corners Airways Airport,WS08,0.0
3971,Mclendon Field,GE04,0.0
4231,Headland Municipal Airport,K0J6,0.0
4232,Cooper Ranch Airport,AZ71,0.0
4234,Grasso Salvage Airport,62VA,0.0
4435,Bethany Airpark,8NK4,0.0
4461,Ferris Airport,25TA,0.0
4458,Duclos RLA Restricted Landing Area,91LS,0.0
4457,Gehant Airport,7LL6,0.0
4456,Richards Airport,TA47,0.0
4454,Decatur /Jones/ Airport,WA18,0.0
4452,St George Island Airport,KF47,0.0
4451,Flandreau Municipal Airport,K4P3,0.0
4450,Eagle Pass Airport,19IL,0.0
4447,Mill House Field,WS15,0.0
4446,Horseshoe Landings Airport,CO60,0.0
4444,Rancho Magdalena Airport,NM01,0.0
4442,Stacey's Airport,WA42,0.0
4441,K & D Airways Airport,2OI8,0.0
4437,Richters Airport,87MO,0.0
4434,Campbell River Airport,CYBL,0.0
4235,Flint Ridge Airport,22NC,0.0
4432,Vetterkind Strip,73WI,0.0
4431,MSM Airport,PS50,0.0
4428,Woodley Aerial Spray Airport,IS73,0.0
4420,J C's Airport,27WA,0.0
4414,Kelly Air Park,CO15,0.0
4413,Lucky Lairds Landing Airport,81GA,0.0
4410,Tallen Airport,MU35,0.0
4405,Night Hawk Airpatch Ultralightport,5OK9,0.0
4403,West Grove Airport,28IL,0.0
4402,Wyandot County Airport,K56D,0.0
4398,William T. Piper Memorial Airport,KLHV,0.0
4397,Miles Airport,NC34,0.0
4391,Kimshan Ranch Airport,WN00,0.0
4389,Fall Creek Ranch Airport,XA43,0.0
4465,Van Der Vaart Airport,WN03,0.0
4466,Blech Ranch Airport,0CA9,0.0
4467,Unger Field,0OI2,0.0
4468,Card Aerodrome,0TX9,0.0
4507,Jacobi Airport,5II8,0.0
4506,Old Port Royal Airport,6NY1,0.0
4505,Fisher Farm Airport,60IN,0.0
4503,Mount Vernon Outland Airport,KMVN,0.0
4502,Josep Tarradellas Barcelona-El Prat Airport,LEBL,0.0
4501,Tallahassee Regional Airport,KTLH,0.0
4500,Scottbrook Farm Airport,2NC4,0.0
4499,Jorge Wilsterman International Airport,SLCB,0.0
4498,Sankey Airport,1PS4,0.0
4496,Helsinki Vantaa Airport,EFHK,0.0
4495,Earth Airport,VG39,0.0
4494,Pinewood Air Park,WS39,0.0
4493,Farnborough Airport,EGLF,0.0
4492,Rand Airport,FAGM,0.0
4491,Paris-Le Bourget Airport,LFPB,0.0
4490,Oshawa Executive Airport,CYOO,0.0
4489,Osan Air Base,RKSO,0.0
4487,Wakefield Wings Airport,9MO5,0.0
4485,Rocktop Airport,PA58,0.0
4482,Minuteman Strip,AK68,0.0
4481,St Clair County Airport,KPLR,0.0
4479,Ellingsen Field,MO34,0.0
4476,Birkey Private Airport,3II8,0.0
4475,Shump Airport,AA00,0.0
4474,Rutherford Airport,28WI,0.0
4473,Mount Carmel Municipal Airport,KAJG,0.0
4472,Iruma Air Base,RJTJ,0.0
4471,Double S Farms Airport,56OI,0.0
4469,Wall Flying Service Airport,8TE1,0.0
4388,Ocean City Municipal Airport,KOXB,0.0
4387,Aeroacres Airport,OG30,0.0
4385,Tsa Gliderport,TA11,0.0
4309,Yelverton Airport,II89,0.0
4306,Winstead '76' Airport,68NC,0.0
4302,Baum Airport,TA46,0.0
4297,Mathna Airport,2PS3,0.0
4295,Parker Lake Airport,0AK3,0.0
4294,PT Enterprise D&W Ranch Airport,11TS,0.0
4293,June Lake Airpark,06AK,0.0
4291,Retta Airport,8TS1,0.0
4290,Dan France Airport,7AK6,0.0
4287,Orange Hill Airport,15FD,0.0
4278,Vaca Moo Airport,TA37,0.0
4277,Johnson County Airport,K6A4,0.0
4276,Billy Bishop Toronto City Centre Airport,CYTZ,0.0
4269,Daniels Field,OR78,0.0
4268,Wissota Airport,4WI0,0.0
4266,Kelowna International Airport,CYLW,0.0
4264,Yorks Field,NC13,0.0
4262,Tailskid Ranch Airport,39WA,0.0
4260,Highland Airport,47AK,0.0
4259,McDonald Ridge Airport,65AK,0.0
4257,Rankin Airport,K78Y,0.0
4255,Howell New Lenox Airport,K1C2,0.0
4253,Bittner-Whitsel Airport,PN58,0.0
4252,Stevinson Strip,CA45,0.0
4250,Dee Jay Airport,8PA1,0.0
4249,White's Airstrip,6MD8,0.0
4246,Wilts Airport,LL52,0.0
4244,Crane Field,WI21,0.0
4240,Johnson Airport,90IL,0.0
4239,Mc Kinnon Airpark,OG29,0.0
4308,Gentzke Aeronautical Park Airport,NY40,0.0
4311,Sunrise Ranch Airport,AZ77,0.0
4382,Andy Fields Airport,2GE8,0.0
4318,Greater Binghamton/Edwin A Link field,KBGM,0.0
4381,Lake Whitney Country Club Airport,37XS,0.0
4379,Henington Airport,41TX,0.0
4373,Sattler Landing Strip,71OH,0.0
4372,Merritt Field,4PN7,0.0
4369,Nuggs Flying M Airport,TE68,0.0
4367,SFS Airpark,80WA,0.0
4365,Kellie Mann Airfield,0KS2,0.0
4364,Staton Airport,4LL1,0.0
4359,C.T.S. Airport,78AK,0.0
4358,Rabbit Lane Airport,NY31,0.0
4355,Flying Tom Airport,OR39,0.0
4354,Sky Ranch North Airport,38ID,0.0
4349,Stephenson Airport,IN32,0.0
4347,Joy Farms Airport,0FD9,0.0
4346,Devine Municipal Airport,K23R,0.0
4344,Sabetha Municipal Airport,KK83,0.0
4342,Silverhill Naval Outlying Landing Field,KNQB,0.0
4340,Lake Sexton Airport,07MO,0.0
4339,Moore Private Airport,73TE,0.0
4337,Frog Pond Airport,14XA,0.0
4336,Aero Bear Field,CD23,0.0
4335,Willis Airport Site No. 2 Airport,6II2,0.0
4334,Broadway Airfield,44NC,0.0
4332,Air-List-Ads Airport,JY07,0.0
4329,St John Homestead Airport,4AK2,0.0
4328,Las Trancas Airport,17CL,0.0
4327,Whispering Pines Airport,GA80,0.0
4322,Green Valley Airfield,WA25,0.0
4320,Kucera Residence Airport,63AK,0.0
3883,Docken Field,37WI,0.0
3876,Lemons Field,2ID6,0.0
3874,Corcoran Airport,KCRO,0.0
3363,Hillside Stables Airport,13IA,0.0
3394,Antique Aerodrome,9WS2,0.0
3392,H H Coffield Regional Airport,KRCK,0.0
3389,Cleveland Airport,TE12,0.0
3388,Langley Airport,CYNJ,0.0
3387,Robert L Delanoy Airport,28WA,0.0
3386,Fletcher's Airport,1NC3,0.0
3384,Flying Lazy D Ranch Airport,CO49,0.0
3381,Church's Landing Airport,1MU8,0.0
3379,Anxiety Aerodrome,TA05,0.0
3378,Driftwood Air Ranch Airport,ID65,0.0
3369,Fox Airport,48TS,0.0
3368,Lakeview Airport,0NK9,0.0
3367,White Airport,69TS,0.0
3366,Cub Acres Airport,6WI0,0.0
3360,Waltenberry Field Ultralightport,13AZ,0.0
3481,Mauldin Airstrip,56AZ,0.0
3359,Royal Trails Airport,4FL6,0.0
3358,Madison Municipal Airport,KMDS,0.0
3345,B J McCombs Sisterdale Airport,08TE,0.0
3344,Texas Air Museum Airport,XS63,0.0
3341,Lyell Airport,MO04,0.0
3337,Koke Airport,NE49,0.0
3327,Smithfield Airport,NY91,0.0
3324,Laverty Field,IA41,0.0
3323,Tilden Airport,NK24,0.0
3320,Witcombe Field,4IA7,0.0
3318,Eagletail Ranch Airport,99AZ,0.0
3312,Triple R Airport,75XS,0.0
3311,Flying J Ranch Airport,67OK,0.0
3310,Lake Bay Gall Airport,0TS5,0.0
3397,Cedar Acres Private Group Airport,23PA,0.0
3398,Edmonton / Gartner Airport,CFQ7,0.0
3404,B & D Flyers International Airport,MN74,0.0
3405,Lutz Airport,94IL,0.0
3469,Vance Field,TE76,0.0
3465,Stanton Airport,91IS,0.0
3463,Mount Muncie Airport,72KS,0.0
3461,Hemmingsen Airport,93LL,0.0
3460,Crook Restricted Landing Area,IL18,0.0
3459,Busboom Airport,IL45,0.0
3458,Grantsburg Municipal Airport,KGTG,0.0
3454,Mertinkes Airport,WI26,0.0
3450,Rancho Verde Airport,9XS9,0.0
3449,Irish Hills Farms Airport,33CT,0.0
3448,Stocker Airport,XA72,0.0
3446,Jansen Vineyards Airport,PN71,0.0
3445,Marshall Field,IN19,0.0
3444,Gilstrap Field,55OK,0.0
3441,Siletz Airport,5OR3,0.0
3439,Jasper County Flying Club Airport,7LL3,0.0
3438,Chicago Glider Club Gliderport,IL59,0.0
3435,Cacic Airport,WI19,0.0
3434,Hallett's Airport,8PN2,0.0
3430,Ockel Farms Airport,DE23,0.0
3426,Silver Lake Airport,MI71,0.0
3424,Tallows Field,79TS,0.0
3422,Hempstead Gliderport,35TS,0.0
3420,Valley Vista Airport,3OA8,0.0
3417,Eagle's Point & Red Barn Village Airpark,1MO9,0.0
3412,Block Ranch Airport,TX78,0.0
3411,Russ Airport,OI82,0.0
3408,Skywagon Ranch Airport,6CO6,0.0
3407,Kramer Airport,AK86,0.0
3308,Martens Airport,4MO8,0.0
3302,Faust Farm Airport,TA35,0.0
3299,Randolph Air Force Base Auxiliary Airport,KSEQ,0.0
3188,Low Pass Airport,4OK4,0.0
3180,Twelve Oaks Airport,II87,0.0
3179,Tragesser Airport,5IN3,0.0
3176,Maybee Airport,60MI,0.0
3175,Marv Skie / Lincoln County Airport,KY14,0.0
3171,Ottawa Municipal Airport,KOWI,0.0
3167,Cherry Valley Airport,65PA,0.0
3165,Cupp/SJVS Landing Strip,8MI8,0.0
3164,Menomonie Municipal Score Field,KLUM,0.0
3159,Foster Ranch Airport,2XS6,0.0
3156,Nietz Airstrip,MN32,0.0
3147,Rutherford Ranch Airport,85TX,0.0
3146,Cook Canyon Ranch Airport,TA25,0.0
3143,Clearwater Airpark,21OI,0.0
3141,Carroll's Airpark,IN56,0.0
3136,Seven Springs Ranch Airport,FL76,0.0
3135,Willis Airport,4II8,0.0
3129,Hayes Road Airport,WN99,0.0
3126,David Gillespie Airport,69IL,0.0
3125,Toggenburg Farms Airport,5NK1,0.0
3124,Fairview Evergreen Airport,PN18,0.0
3120,Perry County Municipal Airport,KTEL,0.0
3117,Al's Due North Airport,MY90,0.0
3113,Williamsport Regional Airport,KIPT,0.0
3110,Fly-A-Way Farm Airport,OI12,0.0
3109,Fighter Field Airport,OA51,0.0
3105,Campbell Field,06XS,0.0
3101,Hart Airport,3FL8,0.0
3098,Kostroski Airport,43CO,0.0
3097,Lakeside Beach Airport,0XS6,0.0
3182,MacDill Air Force Base Auxiliary Field,KAGR,0.0
3199,McCampbell-Porter Airport,KTFP,0.0
3298,Mueller Farm Airport,4KY7,0.0
3209,Kunda Airport,PA61,0.0
3297,Collpa Airport,SLCY,0.0
3290,Luscombe Acres Airport,6XS2,0.0
3289,Texas Valley Air Field,TA57,0.0
3286,Flying 'T' Ranch Airport,18TX,0.0
3282,Ccc Airport,MO27,0.0
3281,Mann Airport,47IN,0.0
3280,Frasier Ranch Airport,CO92,0.0
3277,Obi One Airport,7OH3,0.0
3269,Connell's Wahoo Airport,25FL,0.0
3267,Brookside Farms Airport,59PN,0.0
3266,Winter Field,6MO6,0.0
3261,Malone Airport,NJ61,0.0
3259,Harris Hill Gliderport,4NY8,0.0
3257,Lynch's Landing Airport,MD61,0.0
3255,Old 66 Strip,70OK,0.0
3253,Newell Flying Service Airport,MS20,0.0
3249,Essex Airport,CNE9,0.0
3248,Bushby RLA Restricted Landing Area,87IL,0.0
3242,Bakers Landing Airport,MU13,0.0
3240,Beckerman Field,5LL0,0.0
3238,Burress Airport,XS30,0.0
3230,Flying M Airport,2NC6,0.0
3227,Seidel Ranch Airport,02XS,0.0
3224,Elmira Corning Regional Airport,KELM,0.0
3223,Victoria International Airport,CYYJ,0.0
3222,Davies Air Field,OI08,0.0
3220,Lloyd's Landing Airport,33CA,0.0
3218,Herschel Hunter Airport,3LL1,0.0
3213,Taylorport Airport,WN90,0.0
3477,Chapman Memorial Field,OH71,0.0
3487,Ridgeview Farm Airport,GA10,0.0
3873,Ruby Star Airpark,14AZ,0.0
3754,Brown Field,9GA0,0.0
3780,Spangler Airport,58IL,0.0
3777,MacKenzie Country Airpark,2AK0,0.0
3776,Sky Manor Airport,FA51,0.0
3774,Yancopin Airport,0AR7,0.0
3772,Cottonwood Airport,IL57,0.0
3771,Dimascio Field,14PA,0.0
3769,Schertz Field,9IS2,0.0
3767,Reichhart Airport,05II,0.0
3765,Adak Airport,PADK,0.0
3764,Clam Harbor Airport,WA35,0.0
3761,Parson Landing Airport,7OR9,0.0
3759,Clarksville Airport,74FD,0.0
3758,Bar 3 Ranch Airport,0XA7,0.0
3755,Songer Airport,IN55,0.0
3751,Madrid Air Base,SKMA,0.0
3488,Flying M Airport,OR05,0.0
3747,Wine Glass International Airport,6CO3,0.0
3746,Ott's Landing Airport,0FA1,0.0
3745,Rancho San Simeon Airport,66CA,0.0
3742,F. Dillenburg Airport,2MN9,0.0
3740,Edgar Read Airport,LL65,0.0
3736,Stanwix Heights Airport,5NY4,0.0
3732,Ellison Airport,35IN,0.0
3730,Eagle Creek Airport,51OK,0.0
3729,Sunset Acres Airport,LL24,0.0
3728,Schantz Airstrip,CD15,0.0
3722,Simandl Field/Private Airport,0WI6,0.0
3718,B & C Airport,IL99,0.0
3715,G & S Space Port Airport,14KS,0.0
3714,West Point Airport,OR45,0.0
3783,Danielson Airport,KLZD,0.0
3784,Schoettmer Farm Airport,67II,0.0
3786,Merkle Airport,3IS4,0.0
3788,Warner Airstrip,8OA6,0.0
3871,Yandell Ranch Airport,4CA8,0.0
3869,Shepard Airport,NK04,0.0
3864,Chukkar Farm Ultralightport,2GE5,0.0
3857,Janssen Airport,1LL6,0.0
3856,Taildragger Airport,OA00,0.0
3855,Cedar Creek Air Ranch Airport,MS26,0.0
3853,Ruby Field,TX39,0.0
3849,Polish Paradise Airport,WS02,0.0
3843,Lancaster Municipal Airport,K73C,0.0
3842,Riley's Field,LL51,0.0
3841,Sierra Vista Municipal Airport / Libby Army Air Field,KFHU,0.0
3839,Willows Glenn County Airport,KWLW,0.0
3838,Miller Airport,9KS7,0.0
3833,Livingston Airport,SD75,0.0
3832,Harris Airport,3PA8,0.0
3827,Redgate Ranch Airport,11MO,0.0
3821,Evergreen Sky Ranch Airport,51WA,0.0
3818,Tailwheel Airport,6OR4,0.0
3817,Walder's Farm Airport,1IS5,0.0
3813,Creekside Farm Airport,II42,0.0
3810,Sun Hill Ranch Airport,CA70,0.0
3806,Solt Field,9PA5,0.0
3801,Port Meadville Airport,KGKJ,0.0
3800,Franklin County Regional Airport,KN68,0.0
3799,Chalfant Airport,NC77,0.0
3796,Cuba Municipal Airport,KUBX,0.0
3792,Satterbergs Airport,13AK,0.0
3791,J&J Airport,72NE,0.0
3789,Sutter County Airport,KO52,0.0
3704,Ascazubi Airport,SEAS,0.0
3700,Christmas Airport,MS03,0.0
3699,Rolling Thunder Airport,NV96,0.0
3580,Qualicum Beach Airport,CAT4,0.0
3571,Brush Prairie Aerodrome,5WA9,0.0
3568,Cheryl-Lane Landings Airport,09FD,0.0
3567,Bangerter Field,70AK,0.0
3566,Moore Airport,8TS6,0.0
3565,Harman Airport,0PS7,0.0
3564,Zaragoza Airport,LEZG,0.0
3562,Cade Field,TX97,0.0
3560,Sky Soaring Airport,55LL,0.0
3559,County Poor Farm Airport,67LL,0.0
3550,Park River W C Skjerven Field,KY37,0.0
3549,Skotz Airfield,99XA,0.0
3547,Fred Babcock Airport,40FL,0.0
3538,Fox Haven Plantation Airport,58NC,0.0
3534,Foertsch Airport,II49,0.0
3530,Tri Township Airport,KSFY,0.0
3527,Mc Bride's Airport,NY38,0.0
3525,Bains Private Airport,20TS,0.0
3522,William Irving Lewis Airport,09NC,0.0
3521,Wounded Buck Ranch Airport,22MT,0.0
3519,Cottonwood Field,09CO,0.0
3514,Guangzhou Baiyun International Airport,ZGGG,0.0
3511,Hermann Municipal Airport,K63M,0.0
3509,5 Lakes Airport,PA81,0.0
3506,Wits End Ranch Airport,5XS5,0.0
3504,Patch O Blue Airport,FD02,0.0
3503,Sunnybreeze Airport,09FL,0.0
3496,Teeny Weeny Acres Airport,NJ47,0.0
3494,Md1 Airport,08NY,0.0
3492,University Oxford Airport,KUOX,0.0
3575,Windrift Aerodrome,2GA5,0.0
3584,Laurel Municipal Airport,08NE,0.0
3694,Holt Field,8II5,0.0
3585,C & W Air Park,1GE2,0.0
3683,Lee's Dogpatch Airport,OI56,0.0
3682,Shearer STOLport,1IN1,0.0
3675,Glidwell Flying Service Airport,MS09,0.0
3674,Zanadu Airport,WS04,0.0
3673,Stevens Mountain Airport,10OR,0.0
3671,Lawlor-Justus Airport,9MO3,0.0
3662,Kalifornsky Meadows Airport,0AA7,0.0
3657,Pegasus Air Park,50PA,0.0
3649,Gorden E Bellah International Airport,4GE2,0.0
3648,N'Meier Airport,IN04,0.0
3647,Lost Bridge Airport,OA16,0.0
3638,Aerohead Airport,MS27,0.0
3635,Prineville Airport,KS39,0.0
3633,Dale Curten Farm Airport,37LL,0.0
3630,Inspiration Airport,43OR,0.0
3625,New Coalinga Municipal Airport,KC80,0.0
3624,Ernst Field,86CL,0.0
3621,Pitt Meadows Airport,CYPK,0.0
3618,Silver Hill Airport,MD59,0.0
3609,Crooked Creek Airport,7NC5,0.0
3608,Bucker Field,TE74,0.0
3607,Rox Airport,WS09,0.0
3602,Morgan Ranch Airstrip,AZ46,0.0
3598,Van De Plasch Airport,WN20,0.0
3597,Benedick Airport,4MI6,0.0
3596,Alford Airpark,IN03,0.0
3594,Vliet Airport,6NJ1,0.0
3590,Hawk's Nest Airport,OH42,0.0
3587,Shelby-Cleveland County Regional Airport,KEHO,0.0
5576,The Ranch Airport,3NY0,0.0
